Material	Power	Speed 	Hatch 	Thickness	Spot	Energy	PSD	Atmosphere	Geometry	 Strategy	RD
1	300	1200	0.15	0.03	0.1	55.56	25.6	1	2	1	99.96
1	340	1400	0.08	0.03	0.075	101.19	34	1	1	2	99.94
1	370	1454	0.16	0.03	0.07	53.01	31.43	1	1	1	99.92
1	370	1344	0.18	0.03	0.07	50.98	31.43	1	1	1	99.91
1	370	1511	0.16	0.03	0.07	51.01	31.43	1	1	1	99.91
1	370	1293	0.18	0.03	0.07	52.99	31.43	1	1	1	99.89
1	250	1600	0.1	0.03	0.08	52.08	41.5	1	1	1	99.85
1	370	1402	0.16	0.03	0.07	54.98	31.43	1	1	1	99.85
1	370	1246	0.18	0.03	0.07	54.99	31.43	1	1	1	99.84
1	370	1573	0.16	0.03	0.07	49	31.43	1	1	1	99.84
1	180	1000	0.05	0.03	0.07	120	25.68	1	1	1	99.82
1	370	1202	0.18	0.03	0.07	57	31.43	1	1	1	99.82
1	370	1398	0.18	0.03	0.07	49.01	31.43	1	1	1	99.82
1	370	1352	0.16	0.03	0.07	57.01	31.43	1	1	1	99.81
1	600	2000	0.15	0.05	0.085	40	41.5	6	1	6	99.8
1	800	1500	0.15	0.05	0.085	71.11	41.5	6	1	6	99.8
1	300	1400	0.08	0.03	0.075	89.29	34	1	1	2	99.78
1	788	1099	0.3	0.06	0.1	39.83	40	6	1	6	99.77
1	370	1161	0.18	0.03	0.07	59.02	31.43	1	1	1	99.74
1	370	1306	0.16	0.03	0.07	59.02	31.43	1	1	1	99.73
1	400	1000	0.15	0.05	0.085	53.33	41.5	6	1	6	99.7
1	500	1500	0.15	0.05	0.085	44.44	41.5	6	1	6	99.7
1	500	2000	0.15	0.05	0.085	33.33	41.5	6	1	6	99.7
1	800	2000	0.15	0.05	0.085	53.33	41.5	6	1	6	99.7
1	260	1400	0.08	0.03	0.075	77.38	34	1	1	2	99.64
1	600	1500	0.15	0.05	0.085	53.33	41.5	6	1	6	99.6
1	700	2000	0.15	0.05	0.085	46.67	41.5	6	1	6	99.6
1	340	1400	0.08	0.03	0.075	101.19	34	1	1	2	99.6
1	250	2100	0.07	0.03	0.08	56.69	41.5	1	1	1	99.59
1	140	800	0.05	0.03	0.07	116.67	25.68	1	1	1	99.58
1	463	500	0.35	0.06	0.1	44.1	40	6	1	6	99.57
1	300	2100	0.1	0.03	0.08	47.62	41.5	1	1	1	99.55
1	370	1700	0.11	0.03	0.115	65.95	41.5	1	2	5	99.55
1	350	1600	0.12	0.03	0.115	60.76	41.5	1	2	5	99.55
1	330	1500	0.12	0.03	0.115	61.11	41.5	1	2	5	99.53
1	330	1700	0.11	0.03	0.115	58.82	41.5	1	2	5	99.53
1	350	1500	0.11	0.03	0.115	70.71	41.5	1	2	5	99.53
1	350	1600	0.13	0.03	0.115	56.09	41.5	1	2	5	99.52
1	788	1099	0.3	0.06	0.1	39.83	40	6	1	6	99.51
1	350	1700	0.12	0.03	0.115	57.19	41.5	1	2	5	99.51
1	330	1500	0.13	0.03	0.115	56.41	41.5	1	2	5	99.5
1	800	1000	0.15	0.05	0.085	106.67	41.5	6	1	6	99.5
1	250	1100	0.13	0.06	0.07	29.14	41	2	1	1	99.5
1	250	1200	0.13	0.06	0.07	26.71	41	2	1	1	99.5
1	330	1600	0.12	0.03	0.115	57.29	41.5	1	2	5	99.5
1	370	1500	0.11	0.03	0.115	74.75	41.5	1	2	5	99.5
1	350	1500	0.13	0.03	0.115	59.83	41.5	1	2	5	99.49
1	330	1600	0.13	0.03	0.115	52.88	41.5	1	2	5	99.47
1	330	1700	0.13	0.03	0.115	49.77	41.5	1	2	5	99.45
1	330	1700	0.12	0.03	0.115	53.92	41.5	1	2	5	99.45
1	300	1600	0.1	0.03	0.08	62.5	41.5	1	1	1	99.44
1	350	1600	0.11	0.03	0.115	66.29	41.5	1	2	5	99.44
1	350	1700	0.11	0.03	0.115	62.39	41.5	1	2	5	99.44
1	300	1400	0.08	0.03	0.075	89.29	34	1	1	2	99.43
1	330	1500	0.11	0.03	0.115	66.67	41.5	1	2	5	99.41
1	350	2100	0.1	0.03	0.08	55.56	41.5	1	1	1	99.4
1	370	1500	0.12	0.03	0.115	68.52	41.5	1	2	5	99.4
1	700	1500	0.15	0.05	0.085	62.22	41.5	6	1	6	99.4
1	250	1400	0.13	0.03	0.07	45.79	41	2	1	1	99.4
1	370	1600	0.12	0.03	0.115	64.24	41.5	1	2	5	99.4
1	170	1000	0.05	0.03	0.07	113.33	25.68	1	1	1	99.39
1	350	1500	0.12	0.03	0.115	64.81	41.5	1	2	5	99.39
1	350	1700	0.13	0.03	0.115	52.79	41.5	1	2	5	99.39
1	330	1600	0.11	0.03	0.115	62.5	41.5	1	2	5	99.39
1	370	1700	0.13	0.03	0.115	55.81	41.5	1	2	5	99.38
1	250	1600	0.13	0.03	0.08	40.06	41.5	1	1	1	99.37
1	350	2100	0.13	0.03	0.08	42.74	41.5	1	1	1	99.37
1	200	1400	0.105	0.03	0.15	45.35	30	1	1	6	99.35
1	250	1100	0.13	0.03	0.08	58.28	41.5	1	1	1	99.33
1	370	1500	0.13	0.03	0.115	63.25	41.5	1	2	5	99.32
1	370	1600	0.11	0.03	0.115	70.08	41.5	1	2	5	99.32
1	200	1500	0.105	0.03	0.15	42.33	30	1	1	6	99.3
1	170	1000	0.105	0.03	0.15	53.97	30	1	1	6	99.3
1	200	571.43	0.08	0.025	0.08	175	45	6	2	5	99.3
1	400	1500	0.15	0.05	0.085	35.56	41.5	6	1	6	99.3
1	500	1000	0.15	0.05	0.085	66.67	41.5	6	1	6	99.3
1	700	1000	0.15	0.05	0.085	93.33	41.5	6	1	6	99.3
1	250	1000	0.13	0.06	0.07	32.05	41	2	1	1	99.3
1	370	1600	0.13	0.03	0.115	59.29	41.5	1	2	5	99.29
1	300	1600	0.13	0.03	0.08	48.08	41.5	1	1	1	99.29
1	350	1600	0.13	0.03	0.08	56.09	41.5	1	1	1	99.29
1	370	1700	0.12	0.03	0.115	60.46	41.5	1	2	5	99.26
1	150	900	0.05	0.03	0.07	111.11	25.68	1	1	1	99.23
1	250	1600	0.07	0.03	0.08	74.4	41.5	1	1	1	99.22
1	180	1100	0.105	0.03	0.15	51.95	30	1	1	6	99.2
1	300	1000	0.15	0.05	0.085	40	41.5	6	1	6	99.2
1	600	1000	0.15	0.05	0.085	80	41.5	6	1	6	99.2
1	250	900	0.13	0.06	0.07	35.61	41	2	1	1	99.2
1	200	1350	0.075	0.03	0.15	65.84	35	1	1	3	99.2
1	175	1025	0.0975	0.03	0.15	58.37	35	1	1	3	99.2
1	300	2100	0.07	0.03	0.08	68.03	41.5	1	1	1	99.18
1	625	800	0.4	0.06	0.1	32.55	40	6	1	6	99.16
1	200	1300	0.105	0.03	0.15	48.84	30	1	1	6	99.15
1	190	1200	0.105	0.03	0.15	50.26	30	1	1	6	99.15
1	950	1400	0.35	0.06	0.1	32.31	40	6	1	6	99.15
1	350	2100	0.07	0.03	0.08	79.37	41.5	1	1	1	99.14
1	200	1200	0.105	0.03	0.15	52.91	30	1	1	6	99.11
1	190	1400	0.105	0.03	0.15	43.08	30	1	1	6	99.1
1	200	1600	0.105	0.03	0.15	39.68	30	1	1	6	99.1
1	250	1600	0.13	0.03	0.07	40.06	41	2	1	1	99.1
1	170	800	0.105	0.03	0.15	67.46	30	1	1	6	99.08
1	170	1200	0.105	0.03	0.15	44.97	30	1	1	6	99.08
1	250	2100	0.1	0.03	0.08	39.68	41.5	1	1	1	99.07
1	180	900	0.105	0.03	0.15	63.49	30	1	1	6	99.02
1	300	1100	0.1	0.03	0.08	90.91	41.5	1	1	1	98.99
1	625	800	0.4	0.06	0.1	32.55	40	6	1	6	98.93
1	260	1400	0.08	0.03	0.075	77.38	34	1	1	2	98.92
1	200	1000	0.105	0.03	0.15	63.49	30	1	1	6	98.9
1	200	1100	0.105	0.03	0.15	57.72	30	1	1	6	98.9
1	170	900	0.05	0.03	0.07	125.93	25.68	1	1	1	98.88
1	350	1600	0.1	0.03	0.08	72.92	41.5	1	1	1	98.88
1	150	800	0.05	0.03	0.07	125	25.68	1	1	1	98.87
1	180	1400	0.105	0.03	0.15	40.82	30	1	1	6	98.85
1	190	1600	0.105	0.03	0.15	37.7	30	1	1	6	98.85
1	300	1600	0.07	0.03	0.08	89.29	41.5	1	1	1	98.84
1	160	1000	0.05	0.03	0.07	106.67	25.68	1	1	1	98.83
1	350	1600	0.07	0.03	0.08	104.17	41.5	1	1	1	98.81
1	190	1000	0.105	0.03	0.15	60.32	30	1	1	6	98.8
1	250	1000	0.13	0.03	0.07	64.1	41	2	1	1	98.8
1	200	900	0.105	0.03	0.15	70.55	30	1	1	6	98.75
1	350	1150	0.17	0.05	0.1	35.81	41.5	1	6	2	98.72
1	300	2100	0.13	0.03	0.08	36.63	41.5	1	1	1	98.69
1	350	1150	0.17	0.05	0.1	35.81	41.5	1	6	2	98.69
1	950	1400	0.35	0.06	0.1	32.31	40	6	1	6	98.68
1	250	2100	0.13	0.03	0.08	30.53	41.5	1	1	1	98.66
1	180	1500	0.105	0.03	0.15	38.1	30	1	1	6	98.65
1	350	1150	0.17	0.05	0.1	35.81	41.5	1	6	2	98.63
1	463	500	0.35	0.06	0.1	44.1	40	6	1	6	98.6
1	250	1200	0.15	0.03	0.07	46.3	41	2	1	1	98.6
1	250	1100	0.1	0.03	0.08	75.76	41.5	1	1	1	98.58
1	160	900	0.05	0.03	0.07	118.52	25.68	1	1	1	98.58
1	180	1100	0.05	0.03	0.07	109.09	25.68	1	1	1	98.56
1	170	1400	0.105	0.03	0.15	38.55	30	1	1	6	98.55
1	200	800	0.105	0.03	0.15	79.37	30	1	1	6	98.53
1	250	1400	0.13	0.06	0.07	22.89	41	2	1	1	98.5
1	190	800	0.105	0.03	0.15	75.4	30	1	1	6	98.4
1	250	1200	0.11	0.03	0.07	63.13	41	2	1	1	98.4
1	250	1200	0.11	0.03	0.07	63.13	41	2	1	1	98.4
1	300	1100	0.13	0.03	0.08	69.93	41.5	1	1	1	98.32
1	250	1200	0.13	0.03	0.07	53.42	41	2	1	1	98.3
1	250	1800	0.13	0.03	0.07	35.61	41	2	1	1	98.3
1	250	800	0.13	0.09	0.07	26.71	41	2	1	1	98.3
1	175	1025	0.0975	0.03	0.15	58.37	35	1	1	3	98.3
1	160	800	0.05	0.03	0.07	133.33	25.68	1	1	1	98.27
1	140	700	0.05	0.03	0.07	133.33	25.68	1	1	1	98.26
1	180	900	0.05	0.03	0.07	133.33	25.68	1	1	1	98.26
1	250	1200	0.13	0.03	0.07	53.42	41	2	1	1	98.2
1	320	900	0.0818	0.03	0.08	144.89	38.5	1	1	4	98.17
1	360	750	0.0914	0.03	0.08	175.05	38.5	1	1	4	98.17
1	320	900	0.0709	0.03	0.08	167.16	38.5	1	1	4	98.14
1	250	1100	0.07	0.03	0.08	108.23	41.5	1	1	1	98.13
1	250	1000	0.2	0.02	0.08	62.5	28	6	1	6	98.13
1	400	600	0.1009	0.03	0.08	220.24	38.5	1	1	4	98.12
1	250	1200	0.17	0.03	0.07	40.85	41	2	1	1	98.1
1	250	800	0.13	0.06	0.07	40.06	41	2	1	1	98.1
1	250	1000	0.13	0.09	0.07	21.37	41	2	1	1	98.1
1	300	1100	0.07	0.03	0.08	129.87	41.5	1	1	1	98.1
1	320	600	0.0887	0.03	0.08	200.43	38.5	1	1	4	98.02
1	170	1100	0.05	0.03	0.07	103.03	25.68	1	1	1	98.02
1	320	600	0.0955	0.03	0.08	186.15	38.5	1	1	4	98.01
1	250	2200	0.13	0.03	0.07	29.14	41	2	1	1	98
1	360	900	0.083	0.03	0.08	160.64	38.5	1	1	4	97.99
1	400	900	0.0941	0.03	0.08	157.44	38.5	1	1	4	97.95
1	360	900	0.0771	0.03	0.08	172.94	38.5	1	1	4	97.95
1	150	700	0.05	0.03	0.07	142.86	25.68	1	1	1	97.94
1	400	600	0.1086	0.03	0.08	204.62	38.5	1	1	4	97.91
1	250	1200	0.17	0.03	0.07	40.85	41	2	1	1	97.9
1	360	600	0.1036	0.03	0.08	193.05	38.5	1	1	4	97.9
1	320	900	0.0763	0.03	0.08	155.33	38.5	1	1	4	97.84
1	250	1200	0.13	0.03	0.07	53.42	41	2	1	1	97.8
1	250	1200	0.15	0.03	0.07	46.3	41	2	1	1	97.8
1	250	2000	0.13	0.03	0.07	32.05	41	2	1	1	97.8
1	320	750	0.0807	0.03	0.08	176.24	38.5	1	1	4	97.78
1	300	1200	0.15	0.02	0.08	83.33	28	6	1	6	97.75
1	170	1600	0.105	0.03	0.15	33.73	30	1	1	6	97.75
1	320	750	0.0931	0.03	0.08	152.76	38.5	1	1	4	97.74
1	300	1200	0.13	0.03	0.07	64.1	41	2	1	1	97.7
1	140	900	0.05	0.03	0.07	103.7	25.68	1	1	1	97.7
1	400	750	0.0977	0.03	0.08	181.96	38.5	1	1	4	97.63
1	300	1200	0.13	0.03	0.07	64.1	41	2	1	1	97.6
1	175	1025	0.0525	0.03	0.15	108.4	35	1	1	3	97.6
1	400	900	0.0815	0.03	0.08	181.78	38.5	1	1	4	97.58
1	150	1000	0.05	0.03	0.07	100	25.68	1	1	1	97.52
1	250	1200	0.09	0.03	0.07	77.16	41	2	1	1	97.5
1	180	1200	0.05	0.03	0.07	100	25.68	1	1	1	97.48
1	170	800	0.05	0.03	0.07	141.67	25.68	1	1	1	97.44
1	160	700	0.05	0.03	0.07	152.38	25.68	1	1	1	97.43
1	200	1200	0.13	0.03	0.07	42.74	41	2	1	1	97.4
1	320	600	0.1024	0.03	0.08	173.61	38.5	1	1	4	97.39
1	250	1200	0.1	0.04	0.08	52.08	28	6	1	6	97.38
1	360	900	0.0889	0.03	0.08	149.98	38.5	1	1	4	97.36
1	320	750	0.0869	0.03	0.08	163.66	38.5	1	1	4	97.36
1	360	750	0.0849	0.03	0.08	188.46	38.5	1	1	4	97.35
1	150	1000	0.05	0.05	0.115	60	47.5	6	4	6	97.33
1	360	750	0.098	0.03	0.08	163.27	38.5	1	1	4	97.32
1	160	1100	0.05	0.03	0.07	96.97	25.68	1	1	1	97.3
1	200	1200	0.13	0.03	0.07	42.74	41	2	1	1	97.3
1	250	1200	0.13	0.03	0.07	53.42	41	2	1	1	97.3
1	250	800	0.13	0.03	0.07	80.13	41	2	1	1	97.3
1	250	550	0.13	0.09	0.07	38.85	41	2	1	1	97.3
1	350	1100	0.13	0.03	0.08	81.59	41.5	1	1	1	97.28
1	360	600	0.0962	0.03	0.08	207.9	38.5	1	1	4	97.25
1	400	750	0.1047	0.03	0.08	169.8	38.5	1	1	4	97.21
1	250	1200	0.13	0.03	0.07	53.42	41	2	1	1	97.2
1	180	800	0.05	0.03	0.07	150	25.68	1	1	1	97.12
1	250	1200	0.09	0.03	0.07	77.16	41	2	1	1	97.1
1	170	1200	0.05	0.03	0.07	94.44	25.68	1	1	1	97.08
1	300	800	0.2	0.04	0.08	46.88	28	6	1	6	97
1	200	571.43	0.08	0.025	0.08	175	45	6	2	1	97
1	400	2000	0.15	0.05	0.085	26.67	41.5	6	1	6	97
1	140	1000	0.05	0.03	0.07	93.33	25.68	1	1	1	96.95
1	180	1300	0.05	0.03	0.07	92.31	25.68	1	1	1	96.95
1	400	750	0.0907	0.03	0.08	196.01	38.5	1	1	4	96.94
1	350	1200	0.13	0.03	0.07	74.79	41	2	1	1	96.9
1	250	1600	0.13	0.06	0.07	20.03	41	2	1	1	96.9
1	250	475	0.13	0.09	0.07	44.98	41	2	1	1	96.9
1	360	600	0.111	0.03	0.08	180.18	38.5	1	1	4	96.88
1	150	1000	0.05	0.05	0.115	60	47.5	6	4	6	96.81
1	350	1200	0.13	0.03	0.07	74.79	41	2	1	1	96.8
1	250	600	0.13	0.06	0.07	53.42	41	2	1	1	96.7
1	350	1100	0.07	0.03	0.08	151.52	41.5	1	1	1	96.68
1	180	1400	0.05	0.03	0.07	85.71	25.68	1	1	1	96.66
1	300	1000	0.1	0.06	0.08	50	28	6	1	6	96.63
1	140	600	0.05	0.03	0.07	155.56	25.68	1	1	1	96.55
1	400	900	0.0878	0.03	0.08	168.73	38.5	1	1	4	96.51
1	250	2400	0.13	0.03	0.07	26.71	41	2	1	1	96.5
1	175	1025	0.0525	0.03	0.15	108.4	35	1	1	3	96.5
1	170	1300	0.05	0.03	0.07	87.18	25.68	1	1	1	96.47
1	170	700	0.05	0.03	0.07	161.9	25.68	1	1	1	96.34
1	788	500	0.35	0.06	0.1	75.05	40	6	1	6	96.29
1	160	1200	0.05	0.03	0.07	88.89	25.68	1	1	1	96.25
1	300	1500	0.15	0.05	0.085	26.67	41.5	6	1	6	96.2
1	150	1000	0.05	0.05	0.115	60	47.5	6	4	6	96.18
1	180	700	0.05	0.03	0.07	171.43	25.68	1	1	1	96.1
1	350	1100	0.1	0.03	0.08	106.06	41.5	1	1	1	96.08
1	150	1100	0.05	0.03	0.07	90.91	25.68	1	1	1	96.05
1	150	600	0.05	0.03	0.07	166.67	25.68	1	1	1	95.99
1	250	800	0.15	0.06	0.08	34.72	28	6	1	6	95.88
1	250	700	0.13	0.06	0.07	45.79	41	2	1	1	95.8
1	463	1099	0.3	0.06	0.1	23.41	40	6	1	6	95.78
1	250	400	0.13	0.09	0.07	53.42	41	2	1	1	95.7
1	625	1400	0.35	0.06	0.1	21.26	40	6	1	6	95.67
1	160	600	0.05	0.03	0.07	177.78	25.68	1	1	1	95.65
1	150	1200	0.05	0.03	0.07	83.33	25.68	1	1	1	95.64
1	250	2600	0.13	0.03	0.07	24.65	41	2	1	1	95.6
1	140	1100	0.05	0.03	0.07	84.85	25.68	1	1	1	95.59
1	400	600	0.1164	0.03	0.08	190.91	38.5	1	1	4	95.58
1	250	325	0.13	0.09	0.07	65.75	41	2	1	1	95.4
1	170	600	0.05	0.03	0.07	188.89	25.68	1	1	1	95.38
1	180	1500	0.05	0.03	0.07	80	25.68	1	1	1	95.22
1	170	1400	0.05	0.03	0.07	80.95	25.68	1	1	1	95.21
1	250	500	0.13	0.06	0.07	64.1	41	2	1	1	95.2
1	200	1000	0.15	0.04	0.08	33.33	28	6	1	6	95.13
1	180	600	0.05	0.03	0.07	200	25.68	1	1	1	95.11
1	140	500	0.05	0.03	0.07	186.67	25.68	1	1	1	95.1
1	160	1300	0.05	0.03	0.07	82.05	25.68	1	1	1	95.05
1	625	2000	0.3	0.06	0.1	17.36	40	6	1	6	94.83
1	150	500	0.05	0.03	0.07	200	25.68	1	1	1	94.81
1	463	1099	0.3	0.06	0.1	23.41	40	6	1	6	94.72
1	300	800	0.3	0.06	0.1	20.83	40	6	1	6	94.68
1	788	1700	0.4	0.06	0.1	19.31	40	6	1	6	94.67
1	250	250	0.13	0.09	0.07	85.47	41	2	1	1	94.6
1	140	400	0.05	0.03	0.07	233.33	25.68	1	1	1	94.52
1	150	1200	0.13	0.03	0.07	32.05	41	2	1	1	94.5
1	250	400	0.13	0.06	0.07	80.13	41	2	1	1	94.5
1	250	1800	0.13	0.06	0.07	17.81	41	2	1	1	94.5
1	175	1675	0.0975	0.03	0.15	35.72	35	1	1	3	94.5
1	150	1350	0.075	0.03	0.15	49.38	35	1	1	3	94.5
1	180	1600	0.05	0.03	0.07	75	25.68	1	1	1	94.42
1	140	1200	0.05	0.03	0.07	77.78	25.68	1	1	1	94.41
1	150	1200	0.13	0.03	0.07	32.05	41	2	1	1	94.4
1	200	800	0.1	0.02	0.08	125	28	6	1	6	94.38
1	788	2300	0.35	0.06	0.1	16.31	40	6	1	6	94.33
1	160	1400	0.05	0.03	0.07	76.19	25.68	1	1	1	94.33
1	160	500	0.05	0.03	0.07	213.33	25.68	1	1	1	94.31
1	463	1700	0.4	0.06	0.1	11.35	40	6	1	6	94.25
1	170	1500	0.05	0.03	0.07	75.56	25.68	1	1	1	94.25
1	150	1300	0.05	0.03	0.07	76.92	25.68	1	1	1	94.22
1	300	1400	0.35	0.06	0.1	10.2	40	6	1	6	93.94
1	170	500	0.05	0.03	0.07	226.67	25.68	1	1	1	93.87
1	788	500	0.35	0.06	0.1	75.05	40	6	1	6	93.86
1	250	300	0.13	0.03	0.07	213.68	41	2	1	1	93.7
1	250	2800	0.13	0.03	0.07	22.89	41	2	1	1	93.7
1	175	1675	0.0525	0.03	0.15	66.33	35	1	1	3	93.6
1	140	1300	0.05	0.03	0.07	71.79	25.68	1	1	1	93.56
1	250	1400	0.13	0.09	0.07	15.26	41	2	1	1	93.5
1	160	1500	0.05	0.03	0.07	71.11	25.68	1	1	1	93.45
1	150	400	0.05	0.03	0.07	250	25.68	1	1	1	93.43
1	170	1600	0.05	0.03	0.07	70.83	25.68	1	1	1	93.4
1	250	400	0.13	0.03	0.07	160.26	41	2	1	1	93.3
1	250	600	0.13	0.03	0.07	106.84	41	2	1	1	93.3
1	463	2300	0.35	0.06	0.1	9.59	40	6	1	6	93.2
1	175	1675	0.0525	0.03	0.15	66.33	35	1	1	3	93.2
1	150	1400	0.05	0.03	0.07	71.43	25.68	1	1	1	93.16
1	180	500	0.05	0.03	0.07	240	25.68	1	1	1	93.13
1	250	200	0.13	0.03	0.07	320.51	41	2	1	1	93
1	250	100	0.13	0.03	0.07	641.03	41	2	1	1	92.9
1	250	1600	0.13	0.09	0.07	13.35	41	2	1	1	92.8
1	180	1700	0.05	0.03	0.07	70.59	25.68	1	1	1	92.73
1	150	1350	0.075	0.03	0.15	49.38	35	1	1	3	92.7
1	160	400	0.05	0.03	0.07	266.67	25.68	1	1	1	92.68
1	200	1200	0.2	0.06	0.08	13.89	28	6	1	6	92.51
1	150	1350	0.075	0.03	0.15	49.38	35	1	1	3	92.5
1	250	3000	0.13	0.03	0.07	21.37	41	2	1	1	92.4
1	170	400	0.05	0.03	0.07	283.33	25.68	1	1	1	92.22
1	140	300	0.05	0.03	0.07	311.11	25.68	1	1	1	91.84
1	160	1600	0.05	0.03	0.07	66.67	25.68	1	1	1	91.66
1	180	400	0.05	0.03	0.07	300	25.68	1	1	1	91.63
1	140	1400	0.05	0.03	0.07	66.67	25.68	1	1	1	91.53
1	170	1700	0.05	0.03	0.07	66.67	25.68	1	1	1	91.47
1	150	1500	0.05	0.03	0.07	66.67	25.68	1	1	1	91.07
1	250	3200	0.13	0.03	0.07	20.03	41	2	1	1	91
1	625	1400	0.35	0.06	0.1	21.26	40	6	1	6	90.9
1	125	1025	0.0975	0.03	0.15	41.69	35	1	1	3	90.7
1	125	1025	0.0975	0.03	0.15	41.69	35	1	1	3	90.6
1	160	1700	0.05	0.03	0.07	62.75	25.68	1	1	1	90.58
1	150	300	0.05	0.03	0.07	333.33	25.68	1	1	1	90.48
1	140	1500	0.05	0.03	0.07	62.22	25.68	1	1	1	90.43
1	150	1600	0.05	0.03	0.07	62.5	25.68	1	1	1	90.29
1	160	300	0.05	0.03	0.07	355.56	25.68	1	1	1	90.11
1	150	1350	0.075	0.03	0.15	49.38	35	1	1	3	90.1
1	150	1700	0.05	0.03	0.07	58.82	25.68	1	1	1	89.97
1	150	1350	0.075	0.03	0.15	49.38	35	1	1	3	89.9
1	250	3600	0.13	0.03	0.07	17.81	41	2	1	1	89.8
1	150	700	0.075	0.03	0.15	95.24	35	1	1	3	89.6
1	140	1600	0.05	0.03	0.07	58.33	25.68	1	1	1	89.5
1	150	1350	0.03	0.03	0.15	123.46	35	1	1	3	89.5
1	150	1350	0.12	0.03	0.15	30.86	35	1	1	3	89.2
1	140	1700	0.05	0.03	0.07	54.9	25.68	1	1	1	88.24
1	250	3400	0.13	0.03	0.07	18.85	41	2	1	1	88.2
1	125	1025	0.0525	0.03	0.15	77.43	35	1	1	3	88.2
1	250	4200	0.13	0.03	0.07	15.26	41	2	1	1	87.8
1	300	800	0.3	0.06	0.1	20.83	40	6	1	6	87.24
1	175	1675	0.0975	0.03	0.15	35.72	35	1	1	3	86.9
1	170	300	0.05	0.03	0.07	377.78	25.68	1	1	1	86.34
1	250	1800	0.13	0.09	0.07	11.87	41	2	1	1	86.1
1	125	1025	0.0525	0.03	0.15	77.43	35	1	1	3	85.9
1	625	2000	0.3	0.06	0.1	17.36	40	6	1	6	85.58
1	180	300	0.05	0.03	0.07	400	25.68	1	1	1	85.48
1	300	2000	0.15	0.05	0.085	20	41.5	6	1	6	85.4
1	788	1700	0.4	0.06	0.1	19.31	40	6	1	6	85.02
2	200	800	0.1	0.03	0.07	83.33	35.5	1	2	1	99.99
2	275	1000	0.12	0.03	0.07	76.39	35.5	1	2	1	99.98
2	350	1200	0.12	0.03	0.07	81.02	35.5	1	2	1	99.98
2	200	800	0.08	0.03	0.07	104.17	35.5	1	2	1	99.98
2	200	800	0.12	0.03	0.07	69.44	35.5	1	2	1	99.97
2	350	800	0.12	0.03	0.07	121.53	35.5	1	2	1	99.93
2	175	700	0.08	0.03	0.1	104.17	27.82	1	1	2	99.93
2	200	600	0.12	0.03	0.07	92.59	35.5	1	2	1	99.92
2	275	800	0.12	0.03	0.07	95.49	35.5	1	2	1	99.91
2	200	800	0.14	0.03	0.07	59.52	35.5	1	2	1	99.91
2	175	668	0.12	0.03	0.1	72.77	36	1	1	1	99.9
2	125	600	0.12	0.03	0.07	57.87	35.5	1	2	1	99.9
2	275	600	0.12	0.03	0.07	127.31	35.5	1	2	1	99.9
2	350	1000	0.12	0.03	0.07	97.22	35.5	1	2	1	99.9
2	200	800	0.12	0.03	0.07	69.44	35.5	1	2	1	99.89
2	200	1000	0.12	0.03	0.07	55.56	35.5	1	2	1	99.88
2	175	900	0.08	0.03	0.1	81.02	27.82	1	1	2	99.88
2	275	1400	0.12	0.03	0.07	54.56	35.5	1	2	1	99.87
2	150	781	0.08	0.03	0.085	80.03	30.37	1	1	7	99.84
2	150	446	0.14	0.03	0.085	80.08	30.37	1	1	7	99.84
2	200	800	0.16	0.03	0.07	52.08	35.5	1	2	1	99.84
2	200	1200	0.12	0.03	0.07	46.3	35.5	1	2	1	99.83
2	130	700	0.06	0.02	0.055	154.76	30	2	2	3	99.81
2	350	1400	0.12	0.03	0.07	69.44	35.5	1	2	1	99.78
2	275	1200	0.12	0.03	0.07	63.66	35.5	1	2	1	99.77
2	130	700	0.06	0.02	0.055	154.76	30	2	2	3	99.75
2	350	600	0.12	0.03	0.07	162.04	35.5	1	2	1	99.74
2	175	750	0.12	0.03	0.085	64.81	30.37	1	1	7	99.73
2	175	500	0.08	0.03	0.1	145.83	27.82	1	1	2	99.73
2	350	1800	0.12	0.03	0.07	54.01	35.5	1	2	1	99.71
2	200	900	0.08	0.03	0.1	92.59	27.82	1	1	2	99.71
2	200	1042	0.08	0.03	0.085	79.97	30.37	1	1	7	99.7
2	200	700	0.08	0.03	0.1	119.05	27.82	1	1	2	99.66
2	275	1800	0.12	0.03	0.07	42.44	35.5	1	2	1	99.62
2	150	500	0.08	0.03	0.1	125	27.82	1	1	2	99.62
2	200	1100	0.04	0.03	0.1	151.52	27.82	1	1	2	99.62
2	150	700	0.08	0.03	0.1	89.29	27.82	1	1	2	99.59
2	175	18.76	0.056	0.4	0.075	416.44	35	1	1	7	99.54
2	200	510.99	0.076	0.05	0.07	103	30	7	3	4	99.52
2	100	925	0.06	0.02	0.05	90.09	35.5	7	4	3	99.52
2	125	800	0.12	0.03	0.07	43.4	35.5	1	2	1	99.51
2	200	377.04	0.103	0.05	0.07	103	30	7	3	4	99.5
2	200	400	0.12	0.03	0.07	138.89	35.5	1	2	1	99.49
2	200	684.81	0.099	0.05	0.07	59	30	7	3	4	99.49
2	200	658.22	0.103	0.05	0.07	59	30	7	3	4	99.46
2	200	658.22	0.103	0.05	0.07	59	30	7	3	4	99.46
2	200	296.3	0.075	0.05	0.07	180	30	7	3	4	99.46
2	350	2200	0.12	0.03	0.07	44.19	35.5	1	2	1	99.46
2	100	111	0.12	0.05	0.2	150.15	40.8	1	1	6	99.45
2	100	694	0.08	0.02	0.05	90.06	35.5	7	4	3	99.44
2	200	1400	0.12	0.03	0.07	39.68	35.5	1	2	1	99.44
2	200	510.99	0.076	0.05	0.07	103	30	7	3	4	99.41
2	100	700	0.08	0.02	0.05	89.29	35.5	7	4	3	99.4
2	125	21.44	0.056	0.35	0.075	297.46	35	1	1	7	99.4
2	200	560.3	0.121	0.05	0.07	59	30	7	3	4	99.36
2	200	296.3	0.075	0.05	0.07	180	30	7	3	4	99.36
2	200	1100	0.08	0.03	0.1	75.76	27.82	1	1	2	99.36
2	200	1100	0.08	0.03	0.1	75.76	27.82	1	1	2	99.36
2	200	1100	0.08	0.03	0.1	75.76	27.82	1	1	2	99.36
2	150	400	0.08	0.03	0.07	156.25	17	7	1	7	99.35
2	200	684.81	0.099	0.05	0.07	59	30	7	3	4	99.35
2	200	560.3	0.121	0.05	0.07	59	30	7	3	4	99.31
2	150	350.92	0.083	0.05	0.07	103	30	7	3	4	99.31
2	150	500	0.08	0.04	0.07	93.75	30	7	1	4	99.3
2	175	668	0.12	0.03	0.1	72.77	36	1	1	4	99.3
2	150	1100	0.08	0.03	0.1	56.82	27.82	1	1	2	99.28
2	150	420.23	0.121	0.05	0.07	59	30	7	3	4	99.27
2	150	303.4	0.096	0.05	0.07	103	30	7	3	4	99.27
2	200	595	0.14	0.03	0.085	80.03	30.37	1	1	7	99.27
2	175	26.28	0.056	0.46	0.075	258.5	35	1	1	7	99.27
2	200	377.04	0.103	0.05	0.07	103	30	7	3	4	99.26
2	100	1388	0.04	0.02	0.05	90.06	35.5	7	4	3	99.24
2	150	251.09	0.116	0.05	0.07	103	30	7	3	4	99.24
2	150	303.4	0.096	0.05	0.07	103	30	7	3	4	99.22
2	200	233.92	0.095	0.05	0.07	180	30	7	3	4	99.21
2	80	700	0.04	0.02	0.05	142.86	35.5	7	4	3	99.21
2	150	900	0.08	0.03	0.1	69.44	27.82	1	1	2	99.21
2	150	513.61	0.099	0.05	0.07	59	30	7	3	4	99.19
2	100	925	0.06	0.02	0.05	90.09	35.5	7	4	3	99.16
2	100	1500	0.04	0.02	0.05	83.33	35.5	7	4	3	99.13
2	150	420.23	0.121	0.05	0.07	59	30	7	3	4	99.12
2	125	400	0.12	0.03	0.07	86.81	35.5	1	2	1	99.09
2	275	2200	0.12	0.03	0.07	34.72	35.5	1	2	1	99.09
2	100	1388	0.04	0.02	0.05	90.06	35.5	7	4	3	99.08
2	150	513.61	0.099	0.05	0.07	59	30	7	3	4	99.05
2	80	700	0.08	0.02	0.05	71.43	35.5	7	4	3	99.02
2	100	925	0.06	0.02	0.05	90.09	35.5	7	4	3	99.01
2	150	400	0.08	0.04	0.07	117.19	30	7	1	4	99
2	175	668	0.12	0.03	0.1	72.77	36	1	1	1	99
2	180	1400	0.05	0.03	0.05	85.71	26	1	1	5	99
2	100	694	0.08	0.02	0.05	90.06	35.5	7	4	3	98.98
2	150	498.5	0.102	0.05	0.07	59	30	7	3	4	98.93
2	200	320.95	0.121	0.05	0.07	103	30	7	3	4	98.93
2	175	26.28	0.018	0.46	0.075	804.23	35	1	1	7	98.93
2	150	400	0.08	0.03	0.07	156.25	17	7	1	7	98.93
2	150	498.5	0.102	0.05	0.07	59	30	7	3	4	98.92
2	100	700	0.04	0.02	0.05	178.57	35.5	7	4	3	98.92
2	100	1388	0.04	0.02	0.05	90.06	35.5	7	4	3	98.92
2	100	462	0.12	0.02	0.05	90.19	35.5	7	4	3	98.9
2	175	26.28	0.037	0.46	0.075	391.25	35	1	1	7	98.85
2	100	694	0.08	0.02	0.05	90.06	35.5	7	4	3	98.84
2	150	400	0.09	0.03	0.07	138.89	17	7	1	7	98.76
2	175	1100	0.08	0.03	0.1	66.29	27.82	1	1	2	98.76
2	275	400	0.12	0.03	0.07	190.97	35.5	1	2	1	98.74
2	225	700	0.09	0.02	0.08	178.57	38	7	1	7	98.73
2	200	320.95	0.121	0.05	0.07	103	30	7	3	4	98.72
2	150	750	0.12	0.03	0.085	55.56	30.37	1	1	7	98.72
2	300	1000	0.09	0.02	0.08	166.67	38	7	1	7	98.71
2	225	1000	0.09	0.02	0.08	125	38	7	1	7	98.71
2	225	1000	0.09	0.02	0.08	125	38	7	1	7	98.68
2	225	1000	0.09	0.02	0.08	125	38	7	1	7	98.67
2	225	1000	0.09	0.02	0.08	125	38	7	1	7	98.65
2	150	350.92	0.083	0.05	0.07	103	30	7	3	4	98.65
2	269.6	1178.4	0.07	0.02	0.08	163.42	38	7	1	7	98.63
2	225	1000	0.09	0.02	0.08	125	38	7	1	7	98.63
2	269.6	821.6	0.07	0.02	0.08	234.39	38	7	1	7	98.62
2	225	1000	0.09	0.02	0.08	125	38	7	1	7	98.62
2	180.4	821.6	0.11	0.02	0.08	99.81	38	7	1	7	98.61
2	100	111	0.12	0.05	0.2	150.15	40.8	1	1	6	98.6
2	200	1300	0.08	0.03	0.1	64.1	27.82	1	1	2	98.54
2	269.6	821.6	0.11	0.02	0.08	149.15	38	7	1	7	98.53
2	100	591	0.07	0.03	0.09	80.57	38	1	1	4	98.5
2	100	462	0.12	0.02	0.05	90.19	35.5	7	4	3	98.46
2	140	800	0.07	0.02	0.075	125	23.6	2	3	4	98.44
2	225	1000	0.06	0.02	0.08	187.5	38	7	1	7	98.43
2	80	300	0.08	0.02	0.05	166.67	35.5	7	4	3	98.38
2	269.6	1178.4	0.11	0.02	0.08	103.99	38	7	1	7	98.38
2	150	1000	0.09	0.02	0.08	83.33	38	7	1	7	98.37
2	225	1300	0.09	0.02	0.08	96.15	38	7	1	7	98.37
2	200	200	0.12	0.03	0.07	277.78	35.5	1	2	1	98.35
2	80	1500	0.04	0.02	0.05	66.67	35.5	7	4	3	98.33
2	225	1000	0.12	0.02	0.08	93.75	38	7	1	7	98.33
2	180.4	821.6	0.07	0.02	0.08	156.84	38	7	1	7	98.31
2	150	183.15	0.091	0.05	0.07	180	30	7	3	4	98.31
2	150	150	0.09	0.05	0.035	222.22	30	1	2	7	98.3
2	160	1000	0.07	0.02	0.075	114.29	23.6	2	3	4	98.28
2	180.4	1178.4	0.07	0.02	0.08	109.35	38	7	1	7	98.25
2	180.4	1178.4	0.11	0.02	0.08	69.59	38	7	1	7	98.25
2	150	450	0.08	0.03	0.07	138.89	17	7	1	7	98.23
2	150	600	0.06	0.03	0.07	138.89	17	7	1	7	98.23
2	160	800	0.07	0.03	0.075	95.24	23.6	2	3	4	98.23
2	200	750	0.11	0.05	0.07	48.48	26.25	7	1	4	98.21
2	150	600	0.08	0.04	0.07	78.13	30	7	1	4	98.2
2	125	21.44	0.018	0.35	0.075	925.43	35	1	1	7	98.15
2	150	157.23	0.106	0.05	0.07	180	30	7	3	4	98.13
2	100	1700	0.06	0.02	0.05	49.02	35.5	7	4	3	98.12
2	150	251.09	0.116	0.05	0.07	103	30	7	3	4	98.08
2	200	238.95	0.093	0.05	0.07	180	30	7	3	4	98.02
2	175	18.76	0.037	0.4	0.075	630.29	35	1	1	7	98.02
2	100	167	0.12	0.05	0.2	99.8	40.8	1	1	6	98
2	100	400	0.1	0.03	0.09	83.33	38	1	1	4	98
2	175	668	0.12	0.03	0.1	72.77	36	1	1	3	98
2	200	1100	0.08	0.04	0.1	56.82	27.82	1	1	2	97.93
2	200	2000	0.06	0.03	0.07	55.56	14.63	1	3	4	97.92
2	200	233.92	0.095	0.05	0.07	180	30	7	3	4	97.88
2	150	500	0.08	0.03	0.07	125	17	7	1	7	97.87
2	150	400	0.1	0.03	0.07	125	17	7	1	7	97.87
2	100	462	0.12	0.02	0.05	90.19	35.5	7	4	3	97.85
2	175	18.76	0.018	0.4	0.075	1295.61	35	1	1	7	97.8
2	107	1400	0.05	0.03	0.05	50.95	26	1	1	5	97.74
2	120	800	0.05	0.03	0.05	100	26	1	1	5	97.74
2	120	800	0.05	0.03	0.05	100	26	1	1	5	97.74
2	120	800	0.05	0.04	0.05	75	26	1	1	5	97.74
2	120	1100	0.05	0.04	0.05	54.55	26	1	1	5	97.74
2	120	1400	0.05	0.04	0.05	42.86	26	1	1	5	97.74
2	120	1700	0.05	0.03	0.05	47.06	26	1	1	5	97.74
2	160	1000	0.05	0.03	0.05	106.67	26	1	1	5	97.74
2	160	2000	0.05	0.03	0.05	53.33	26	1	1	5	97.74
2	180	1400	0.05	0.03	0.05	85.71	26	1	1	5	97.74
2	180	1400	0.05	0.04	0.05	64.29	26	1	1	5	97.74
2	200	1400	0.05	0.03	0.05	95.24	26	1	1	5	97.74
2	240	2800	0.05	0.03	0.05	57.14	26	1	1	5	97.74
2	140	1000	0.06	0.02	0.075	116.67	23.6	2	3	4	97.73
2	100	250	0.114	0.05	0.2	70.18	40.8	1	1	6	97.7
2	200	1500	0.08	0.03	0.1	55.56	27.82	1	1	2	97.7
2	125	21.44	0.037	0.35	0.075	450.21	35	1	1	7	97.65
2	100	300	0.08	0.02	0.05	208.33	35.5	7	4	3	97.63
2	200	1100	0.12	0.03	0.1	50.51	27.82	1	1	2	97.63
2	200	1100	0.08	0.05	0.1	45.45	27.82	1	1	2	97.62
2	100	600	0.08	0.03	0.09	69.44	38	1	1	4	97.6
2	200	698	0.11	0.05	0.07	52.1	26.25	7	1	4	97.5
2	140	1000	0.08	0.02	0.075	87.5	23.6	2	3	4	97.49
2	150	714	0.14	0.03	0.085	50.02	30.37	1	1	7	97.46
2	125	1100	0.08	0.03	0.1	47.35	27.82	1	1	2	97.4
2	200	1667	0.08	0.03	0.085	49.99	30.37	1	1	7	97.38
2	150	219.3	0.076	0.05	0.07	180	30	7	3	4	97.37
2	80	300	0.04	0.02	0.05	333.33	35.5	7	4	3	97.36
2	200	952	0.14	0.03	0.085	50.02	30.37	1	1	7	97.35
2	150	183.15	0.091	0.05	0.07	180	30	7	3	4	97.32
2	200	577	0.11	0.05	0.07	63.02	26.25	7	1	4	97.23
2	200	2000	0.06	0.03	0.07	55.56	14.63	1	3	4	97.22
2	100	400	0.03	0.03	0.09	277.78	38	1	1	4	97.2
2	100	120	0.111	0.05	0.2	150.15	40.8	1	1	6	97.14
2	140	800	0.06	0.03	0.075	97.22	23.6	2	3	4	97.06
2	150	125	0.09	0.05	0.035	266.67	30	1	2	7	97
2	150	175	0.09	0.05	0.035	190.48	30	1	2	7	97
2	200	2000	0.06	0.03	0.07	55.56	14.63	1	3	4	97
2	150	219.3	0.076	0.05	0.07	180	30	7	3	4	96.92
2	160	1000	0.06	0.03	0.075	88.89	23.6	2	3	4	96.91
2	100	239	0.111	0.05	0.2	75.39	40.8	1	1	6	96.8
2	125	200	0.12	0.03	0.07	173.61	35.5	1	2	1	96.79
2	120	500	0.08	0.03	0.07	100	17	7	1	7	96.72
2	100	111	0.12	0.05	0.2	150.15	40.8	1	1	6	96.7
2	150	700	0.07	0.03	0.07	102.04	17	7	1	7	96.68
2	150	700	0.06	0.03	0.07	119.05	17	7	1	7	96.64
2	150	600	0.07	0.03	0.07	119.05	17	7	1	7	96.64
2	200	500	0.08	0.03	0.1	166.67	27.82	1	1	2	96.64
2	150	550	0.08	0.03	0.07	113.64	17	7	1	7	96.61
2	200	1800	0.12	0.03	0.07	30.86	35.5	1	2	1	96.6
2	150	1250	0.08	0.03	0.085	50	30.37	1	1	7	96.57
2	275	2600	0.12	0.03	0.07	29.38	35.5	1	2	1	96.55
2	75	1050	0.05	0.03	0.05	47.62	26	1	1	5	96.49
2	90	1400	0.05	0.03	0.05	42.86	26	1	1	5	96.49
2	120	800	0.05	0.04	0.05	75	26	1	1	5	96.49
2	120	1100	0.05	0.03	0.05	72.73	26	1	1	5	96.49
2	120	1400	0.05	0.03	0.05	57.14	26	1	1	5	96.49
2	120	1400	0.05	0.03	0.05	57.14	26	1	1	5	96.49
2	140	800	0.08	0.03	0.075	72.92	23.6	2	3	4	96.37
2	120	300	0.08	0.03	0.07	166.67	17	7	1	7	96.35
2	125	100	0.12	0.03	0.07	347.22	35.5	1	2	1	96.35
2	175	800	0.11	0.05	0.07	39.77	26.25	7	1	4	96.35
2	140	900	0.08	0.02	0.05	97.22	31.13	7	3	7	96.28
2	100	167	0.12	0.05	0.2	99.8	40.8	1	1	6	96.2
2	160	1000	0.08	0.03	0.075	66.67	23.6	2	3	4	96.2
2	150	600	0.08	0.03	0.07	104.17	17	7	1	7	96.13
2	120	1000	0.07	0.02	0.075	85.71	23.6	2	3	4	96.12
2	100	167	0.12	0.05	0.2	99.8	40.8	1	1	6	96.1
2	140	1200	0.07	0.02	0.075	83.33	23.6	2	3	4	96.1
2	220	960	0.08	0.04	0.1	71.61	46	1	1	7	95.9
2	150	700	0.08	0.04	0.07	66.96	30	7	1	4	95.9
2	220	960	0.08	0.04	0.1	71.61	46	1	1	7	95.8
2	220	960	0.08	0.04	0.1	71.61	46	1	1	7	95.8
2	220	960	0.08	0.04	0.1	71.61	46	1	1	7	95.8
2	100	120	0.111	0.05	0.2	150.15	40.8	1	1	6	95.7
2	150	600	0.09	0.03	0.07	92.59	17	7	1	7	95.56
2	150	700	0.08	0.03	0.07	89.29	17	7	1	7	95.54
2	220	960	0.08	0.04	0.1	71.61	46	1	1	7	95.5
2	100	250	0.114	0.05	0.2	70.18	40.8	1	1	6	95.4
2	220	960	0.08	0.04	0.1	71.61	46	1	1	7	95.3
2	100	400	0.08	0.03	0.07	104.17	17	7	1	7	95.24
2	120	1100	0.05	0.04	0.05	54.55	26	1	1	5	95.24
2	120	2000	0.05	0.03	0.05	40	26	1	1	5	95.24
2	150	700	0.08	0.03	0.07	89.29	17	7	1	7	95.23
2	220	960	0.08	0.04	0.1	71.61	46	1	1	7	95.2
2	150	350	0.08	0.03	0.07	178.57	17	7	1	7	95.12
2	350	2600	0.12	0.03	0.07	37.39	35.5	1	2	1	95.09
2	150	400	0.07	0.03	0.07	178.57	17	7	1	7	95.05
2	160	800	0.08	0.02	0.05	125	31.13	7	3	7	95.04
2	150	157.23	0.106	0.05	0.07	180	30	7	3	4	95
2	120	800	0.07	0.03	0.075	71.43	23.6	2	3	4	94.94
2	140	1000	0.07	0.03	0.075	66.67	23.6	2	3	4	94.93
2	350	3400	0.12	0.03	0.07	28.59	35.5	1	2	1	94.9
2	140	800	0.07	0.04	0.075	62.5	23.6	2	3	4	94.72
2	140	1000	0.07	0.03	0.075	66.67	23.6	2	3	4	94.68
2	200	238.95	0.093	0.05	0.07	180	30	7	3	4	94.65
2	140	1000	0.07	0.03	0.075	66.67	23.6	2	3	4	94.53
2	150	700	0.09	0.03	0.07	79.37	17	7	1	7	94.53
2	350	3000	0.12	0.03	0.07	32.41	35.5	1	2	1	94.4
2	160	1200	0.07	0.03	0.075	63.49	23.6	2	3	4	94.34
2	100	120	0.111	0.05	0.2	150.15	40.8	1	1	6	94.3
2	160	1000	0.07	0.04	0.075	57.14	23.6	2	3	4	94.29
2	150	600	0.1	0.03	0.07	83.33	17	7	1	7	94.26
2	200	2200	0.12	0.03	0.07	25.25	35.5	1	2	1	94.23
2	70	1200	0.06	0.02	0.055	48.61	30	2	2	3	94.07
2	120	1400	0.05	0.04	0.05	42.86	26	1	1	5	93.98
2	120	1700	0.05	0.03	0.05	47.06	26	1	1	5	93.98
2	100	175	0.114	0.05	0.2	100.25	40.8	1	1	6	93.9
2	100	250	0.114	0.05	0.2	70.18	40.8	1	1	6	93.8
2	100	239	0.12	0.05	0.2	69.74	40.8	1	1	6	93.8
2	200	1100	0.08	0.06	0.1	37.88	27.82	1	1	2	93.8
2	70	1200	0.06	0.02	0.055	48.61	30	2	2	3	93.73
2	120	1000	0.06	0.03	0.075	66.67	23.6	2	3	4	93.57
2	275	3000	0.12	0.03	0.07	25.46	35.5	1	2	1	93.52
2	140	800	0.08	0.02	0.05	109.38	31.13	7	3	7	93.39
2	140	1200	0.06	0.03	0.075	64.81	23.6	2	3	4	93.33
2	150	200	0.09	0.05	0.035	166.67	30	1	2	7	93.3
2	150	400	0.06	0.03	0.07	208.33	17	7	1	7	93.16
2	150	800	0.08	0.03	0.07	78.13	17	7	1	7	93.13
2	140	1000	0.06	0.04	0.075	58.33	23.6	2	3	4	92.86
2	107	1400	0.05	0.03	0.05	50.95	26	1	1	5	92.73
2	120	1700	0.05	0.04	0.05	35.29	26	1	1	5	92.73
2	100	1100	0.08	0.03	0.1	37.88	27.82	1	1	2	92.7
2	100	239	0.12	0.05	0.2	69.74	40.8	1	1	6	92.4
2	150	800	0.09	0.02	0.05	104.17	31.13	7	3	7	92.08
2	140	1000	0.08	0.04	0.075	43.75	23.6	2	3	4	91.85
2	150	800	0.08	0.04	0.07	58.59	30	7	1	4	91.7
2	140	1200	0.08	0.03	0.075	48.61	23.6	2	3	4	91.52
2	100	400	0.15	0.03	0.09	55.56	38	1	1	4	91.2
2	120	1000	0.08	0.03	0.075	50	23.6	2	3	4	91.12
2	175	700	0.04	0.03	0.1	208.33	27.82	1	1	2	91.03
2	150	800	0.11	0.05	0.07	34.09	26.25	7	1	4	90.78
2	120	1200	0.07	0.03	0.075	47.62	23.6	2	3	4	90.7
2	150	500	0.04	0.03	0.1	250	27.82	1	1	2	90.48
2	150	700	0.08	0.03	0.05	89.29	31.13	7	3	7	90.41
2	150	700	0.08	0.03	0.05	89.29	31.13	7	3	7	90.36
2	200	2600	0.12	0.03	0.07	21.37	35.5	1	2	1	90.22
2	150	700	0.08	0.03	0.05	89.29	31.13	7	3	7	90.18
2	140	800	0.08	0.02	0.05	109.38	31.13	7	3	7	90.17
2	120	1000	0.07	0.04	0.075	42.86	23.6	2	3	4	89.61
2	160	700	0.08	0.02	0.05	142.86	31.13	7	3	7	89.59
2	150	700	0.1	0.03	0.07	71.43	17	7	1	7	89.5
2	150	800	0.07	0.02	0.05	133.93	31.13	7	3	7	89.49
2	100	250	0.08	0.03	0.07	166.67	17	7	1	7	89.31
2	140	1200	0.07	0.04	0.075	41.67	23.6	2	3	4	89.25
2	150	800	0.08	0.03	0.05	78.13	31.13	7	3	7	89.24
2	160	900	0.08	0.02	0.05	111.11	31.13	7	3	7	89.19
2	150	800	0.07	0.04	0.05	66.96	31.13	7	3	7	89.11
2	160	800	0.07	0.03	0.05	95.24	31.13	7	3	7	89.06
2	90	1400	0.05	0.04	0.05	32.14	26	1	1	5	88.97
2	120	700	0.08	0.03	0.07	71.43	17	7	1	7	88.74
2	140	800	0.07	0.03	0.05	83.33	31.13	7	3	7	88.49
2	150	800	0.07	0.02	0.05	133.93	31.13	7	3	7	88.29
2	140	700	0.08	0.02	0.05	125	31.13	7	3	7	87.92
2	150	1000	0.08	0.03	0.07	62.5	17	7	1	7	87.78
2	30	300	0.05	0.03	0.05	66.67	26	1	1	5	87.72
2	150	900	0.08	0.03	0.05	69.44	31.13	7	3	7	87.71
2	160	800	0.08	0.04	0.05	62.5	31.13	7	3	7	87.64
2	160	800	0.07	0.03	0.05	95.24	31.13	7	3	7	87.11
2	150	800	0.09	0.02	0.05	104.17	31.13	7	3	7	86.52
2	150	900	0.08	0.03	0.05	69.44	31.13	7	3	7	86.38
2	150	800	0.08	0.03	0.05	78.13	31.13	7	3	7	86.38
2	140	700	0.08	0.04	0.05	62.5	31.13	7	3	7	86.31
2	120	900	0.08	0.03	0.07	55.56	17	7	1	7	86.27
2	160	700	0.08	0.04	0.05	71.43	31.13	7	3	7	86.25
2	150	700	0.07	0.03	0.05	102.04	31.13	7	3	7	86.09
2	150	700	0.07	0.03	0.05	102.04	31.13	7	3	7	85.95
2	100	550	0.08	0.03	0.07	75.76	17	7	1	7	85.93
2	100	700	0.08	0.03	0.07	59.52	17	7	1	7	85.93
2	150	900	0.07	0.03	0.05	79.37	31.13	7	3	7	85.89
2	140	800	0.09	0.03	0.05	64.81	31.13	7	3	7	85.47
2	107	1400	0.05	0.04	0.05	38.21	26	1	1	5	85.21
2	150	800	0.08	0.03	0.05	78.13	31.13	7	3	7	85.1