Material	PS	D	 Power	 Speed	Hatch 	LT	SS	GF	RD 
1.00	40.80	7.61	100.00	250.00	0.11	0.05	0.20	15.92	95.40
1.00	40.80	7.80	100.00	250.00	0.11	0.05	0.20	15.92	97.70
1.00	40.80	7.49	100.00	250.00	0.11	0.05	0.20	15.92	93.80
1.00	40.80	7.49	100.00	175.00	0.11	0.05	0.20	15.92	93.90
1.00	40.80	7.75	100.00	120.00	0.11	0.05	0.20	15.92	97.14
1.00	40.80	7.64	100.00	120.00	0.11	0.05	0.20	15.92	95.70
1.00	40.80	7.53	100.00	120.00	0.11	0.05	0.20	15.92	94.30
1.00	40.80	7.72	100.00	239.00	0.11	0.05	0.20	15.92	96.80
1.00	40.80	7.37	100.00	239.00	0.12	0.05	0.20	15.92	92.40
1.00	40.80	7.49	100.00	239.00	0.12	0.05	0.20	15.92	93.80
1.00	40.80	7.68	100.00	167.00	0.12	0.05	0.20	15.92	96.20
1.00	40.80	7.67	100.00	167.00	0.12	0.05	0.20	15.92	96.10
1.00	40.80	7.82	100.00	167.00	0.12	0.05	0.20	15.92	98.00
1.00	40.80	7.94	100.00	111.00	0.12	0.05	0.20	15.92	99.45
1.00	40.80	7.72	100.00	111.00	0.12	0.05	0.20	15.92	96.70
1.00	40.80	7.87	100.00	111.00	0.12	0.05	0.20	15.92	98.60
1.00	30.00	7.74	150.00	125.00	0.09	0.05	0.04	3.98	97.00
1.00	30.00	7.84	150.00	150.00	0.09	0.05	0.04	3.98	98.30
1.00	30.00	7.74	150.00	175.00	0.09	0.05	0.04	3.98	97.00
1.00	30.00	7.45	150.00	200.00	0.09	0.05	0.04	3.98	93.30
1.00	35.50	7.83	100.00	1700.00	0.06	0.02	0.05	22.00	98.12
1.00	35.50	7.85	80.00	1500.00	0.04	0.02	0.05	22.00	98.33
1.00	35.50	7.90	80.00	700.00	0.08	0.02	0.05	22.00	99.02
1.00	35.50	7.91	100.00	1500.00	0.04	0.02	0.05	22.00	99.13
1.00	35.50	7.93	100.00	700.00	0.08	0.02	0.05	22.00	99.40
1.00	35.50	7.92	80.00	700.00	0.04	0.02	0.05	22.00	99.21
1.00	35.50	7.85	80.00	300.00	0.08	0.02	0.05	22.00	98.38
1.00	35.50	7.89	100.00	700.00	0.04	0.02	0.05	22.00	98.92
1.00	35.50	7.79	100.00	300.00	0.08	0.02	0.05	22.00	97.63
1.00	35.50	7.77	80.00	300.00	0.04	0.02	0.05	22.00	97.36
1.00	35.50	7.89	100.00	1388.00	0.04	0.02	0.05	22.00	98.92
1.00	35.50	7.91	100.00	925.00	0.06	0.02	0.05	22.00	99.16
1.00	35.50	7.89	100.00	694.00	0.08	0.02	0.05	22.00	98.84
1.00	35.50	7.86	100.00	462.00	0.12	0.02	0.05	22.00	98.46
1.00	35.50	7.92	100.00	1388.00	0.04	0.02	0.05	22.00	99.24
1.00	35.50	7.94	100.00	925.00	0.06	0.02	0.05	22.00	99.52
1.00	35.50	7.94	100.00	694.00	0.08	0.02	0.05	22.00	99.44
1.00	35.50	7.89	100.00	462.00	0.12	0.02	0.05	22.00	98.90
1.00	35.50	7.91	100.00	1388.00	0.04	0.02	0.05	22.00	99.08
1.00	35.50	7.90	100.00	925.00	0.06	0.02	0.05	22.00	99.01
1.00	35.50	7.90	100.00	694.00	0.08	0.02	0.05	22.00	98.98
1.00	35.50	7.81	100.00	462.00	0.12	0.02	0.05	22.00	97.85
1.00	38.00	7.76	100.00	400.00	0.03	0.03	0.09	5.00	97.20
1.00	38.00	7.86	100.00	591.00	0.07	0.03	0.09	5.00	98.50
1.00	38.00	7.79	100.00	600.00	0.08	0.03	0.09	5.00	97.60
1.00	38.00	7.82	100.00	400.00	0.10	0.03	0.09	5.00	98.00
1.00	38.00	7.28	100.00	400.00	0.15	0.03	0.09	5.00	91.20
1.00	46.00	7.64	220.00	960.00	0.08	0.04	0.10	7.00	95.80
1.00	46.00	7.62	220.00	960.00	0.08	0.04	0.10	7.00	95.50
1.00	46.00	7.65	220.00	960.00	0.08	0.04	0.10	7.00	95.90
1.00	46.00	7.60	220.00	960.00	0.08	0.04	0.10	7.00	95.20
1.00	46.00	7.60	220.00	960.00	0.08	0.04	0.10	7.00	95.30
1.00	46.00	7.64	220.00	960.00	0.08	0.04	0.10	7.00	95.80
1.00	46.00	7.64	220.00	960.00	0.08	0.04	0.10	7.00	95.80
1.00	30.00	7.90	150.00	400.00	0.08	0.04	0.07	5.00	99.00
1.00	30.00	7.92	150.00	500.00	0.08	0.04	0.07	5.00	99.30
1.00	30.00	7.84	150.00	600.00	0.08	0.04	0.07	5.00	98.20
1.00	30.00	7.65	150.00	700.00	0.08	0.04	0.07	5.00	95.90
1.00	30.00	7.32	150.00	800.00	0.08	0.04	0.07	5.00	91.70
1.00	36.00	7.97	175.00	668.00	0.12	0.03	0.10	4.00	99.90
1.00	36.00	7.92	175.00	668.00	0.12	0.03	0.10	4.00	99.30
1.00	36.00	7.90	175.00	668.00	0.12	0.03	0.10	4.00	99.00
1.00	36.00	7.82	175.00	668.00	0.12	0.03	0.10	4.00	98.00
1.00	14.63	7.81	200.00	2000.00	0.06	0.03	0.07	3.00	97.92
1.00	14.63	7.74	200.00	2000.00	0.06	0.03	0.07	3.00	97.00
1.00	14.63	7.76	200.00	2000.00	0.06	0.03	0.07	3.00	97.22
1.00	30.37	7.71	150.00	1250.00	0.08	0.03	0.09	10.00	96.57
1.00	30.37	7.77	200.00	1667.00	0.08	0.03	0.09	10.00	97.38
1.00	30.37	7.78	150.00	714.00	0.14	0.03	0.09	10.00	97.46
1.00	30.37	7.77	200.00	952.00	0.14	0.03	0.09	10.00	97.35
1.00	30.37	7.88	150.00	750.00	0.12	0.03	0.09	10.00	98.72
1.00	30.37	7.96	175.00	750.00	0.12	0.03	0.09	10.00	99.73
1.00	30.37	7.97	150.00	781.00	0.08	0.03	0.09	10.00	99.84
1.00	30.37	7.96	200.00	1042.00	0.08	0.03	0.09	10.00	99.70
1.00	30.37	7.97	150.00	446.00	0.14	0.03	0.09	10.00	99.84
1.00	30.37	7.92	200.00	595.00	0.14	0.03	0.09	10.00	99.27
1.00	30.00	7.43	70.00	1200.00	0.06	0.02	0.06	3.99	93.73
1.00	30.00	7.91	130.00	700.00	0.06	0.02	0.06	3.99	99.81
1.00	30.00	7.46	70.00	1200.00	0.06	0.02	0.06	3.99	94.07
1.00	30.00	7.91	130.00	700.00	0.06	0.02	0.06	3.99	99.75
1.00	38.00	7.85	180.40	821.60	0.07	0.02	0.08	20.00	98.31
1.00	38.00	7.87	269.60	821.60	0.07	0.02	0.08	20.00	98.62
1.00	38.00	7.84	180.40	1178.40	0.07	0.02	0.08	20.00	98.25
1.00	38.00	7.87	269.60	1178.40	0.07	0.02	0.08	20.00	98.63
1.00	38.00	7.87	180.40	821.60	0.11	0.02	0.08	20.00	98.61
1.00	38.00	7.86	269.60	821.60	0.11	0.02	0.08	20.00	98.53
1.00	38.00	7.84	180.40	1178.40	0.11	0.02	0.08	20.00	98.25
1.00	38.00	7.85	269.60	1178.40	0.11	0.02	0.08	20.00	98.38
1.00	38.00	7.85	150.00	1000.00	0.09	0.02	0.08	20.00	98.37
1.00	38.00	7.88	300.00	1000.00	0.09	0.02	0.08	20.00	98.71
1.00	38.00	7.88	225.00	700.00	0.09	0.02	0.08	20.00	98.73
1.00	38.00	7.85	225.00	1300.00	0.09	0.02	0.08	20.00	98.37
1.00	38.00	7.85	225.00	1000.00	0.06	0.02	0.08	20.00	98.43
1.00	38.00	7.85	225.00	1000.00	0.12	0.02	0.08	20.00	98.33
1.00	38.00	7.87	225.00	1000.00	0.09	0.02	0.08	20.00	98.65
1.00	38.00	7.87	225.00	1000.00	0.09	0.02	0.08	20.00	98.63
1.00	38.00	7.87	225.00	1000.00	0.09	0.02	0.08	20.00	98.62
1.00	38.00	7.87	225.00	1000.00	0.09	0.02	0.08	20.00	98.68
1.00	38.00	7.88	225.00	1000.00	0.09	0.02	0.08	20.00	98.71
1.00	38.00	7.87	225.00	1000.00	0.09	0.02	0.08	20.00	98.67
1.00	35.00	7.89	175.00	26.28	0.02	0.46	0.08	9.00	98.93
1.00	35.00	7.83	125.00	21.44	0.02	0.35	0.08	9.00	98.15
1.00	35.00	7.80	175.00	18.76	0.02	0.40	0.08	9.00	97.80
1.00	35.00	7.89	175.00	26.28	0.04	0.46	0.08	9.00	98.85
1.00	35.00	7.79	125.00	21.44	0.04	0.35	0.08	9.00	97.65
1.00	35.00	7.82	175.00	18.76	0.04	0.40	0.08	9.00	98.02
1.00	35.00	7.92	175.00	26.28	0.06	0.46	0.08	9.00	99.27
1.00	35.00	7.93	125.00	21.44	0.06	0.35	0.08	9.00	99.40
1.00	35.00	7.94	175.00	18.76	0.06	0.40	0.08	9.00	99.54
1.00	31.13	7.02	140.00	700.00	0.08	0.02	0.05	54.00	87.92
1.00	31.13	7.15	160.00	700.00	0.08	0.02	0.05	54.00	89.59
1.00	31.13	7.68	140.00	900.00	0.08	0.02	0.05	54.00	96.28
1.00	31.13	7.12	160.00	900.00	0.08	0.02	0.05	54.00	89.19
1.00	31.13	6.89	140.00	700.00	0.08	0.04	0.05	54.00	86.31
1.00	31.13	6.88	160.00	700.00	0.08	0.04	0.05	54.00	86.25
1.00	31.13	6.05	140.00	900.00	0.08	0.04	0.05	54.00	75.80
1.00	31.13	6.39	160.00	900.00	0.08	0.04	0.05	54.00	80.07
1.00	31.13	6.86	150.00	700.00	0.07	0.03	0.05	54.00	85.95
1.00	31.13	6.55	150.00	900.00	0.07	0.03	0.05	54.00	82.10
1.00	31.13	6.56	150.00	700.00	0.09	0.03	0.05	54.00	82.17
1.00	31.13	5.89	150.00	900.00	0.09	0.03	0.05	54.00	73.83
1.00	31.13	6.87	150.00	700.00	0.07	0.03	0.05	54.00	86.09
1.00	31.13	6.85	150.00	900.00	0.07	0.03	0.05	54.00	85.89
1.00	31.13	6.60	150.00	700.00	0.09	0.03	0.05	54.00	82.67
1.00	31.13	5.86	150.00	900.00	0.09	0.03	0.05	54.00	73.41
1.00	31.13	7.14	150.00	800.00	0.07	0.02	0.05	54.00	89.49
1.00	31.13	6.90	150.00	800.00	0.09	0.02	0.05	54.00	86.52
1.00	31.13	5.89	150.00	800.00	0.07	0.04	0.05	54.00	73.78
1.00	31.13	5.28	150.00	800.00	0.09	0.04	0.05	54.00	66.18
1.00	31.13	7.05	150.00	800.00	0.07	0.02	0.05	54.00	88.29
1.00	31.13	7.35	150.00	800.00	0.09	0.02	0.05	54.00	92.08
1.00	31.13	7.11	150.00	800.00	0.07	0.04	0.05	54.00	89.11
1.00	31.13	6.34	150.00	800.00	0.09	0.04	0.05	54.00	79.47
1.00	31.13	7.20	140.00	800.00	0.08	0.02	0.05	54.00	90.17
1.00	31.13	6.55	160.00	800.00	0.08	0.02	0.05	54.00	82.10
1.00	31.13	6.64	140.00	800.00	0.08	0.04	0.05	54.00	83.16
1.00	31.13	6.99	160.00	800.00	0.08	0.04	0.05	54.00	87.64
1.00	31.13	7.45	140.00	800.00	0.08	0.02	0.05	54.00	93.39
1.00	31.13	7.58	160.00	800.00	0.08	0.02	0.05	54.00	95.04
1.00	31.13	5.87	140.00	800.00	0.08	0.04	0.05	54.00	73.50
1.00	31.13	6.15	160.00	800.00	0.08	0.04	0.05	54.00	77.03
1.00	31.13	7.20	150.00	700.00	0.08	0.03	0.05	54.00	90.18
1.00	31.13	6.89	150.00	900.00	0.08	0.03	0.05	54.00	86.38
1.00	31.13	6.34	150.00	700.00	0.08	0.03	0.05	54.00	79.39
1.00	31.13	6.46	150.00	900.00	0.08	0.03	0.05	54.00	80.95
1.00	31.13	7.21	150.00	700.00	0.08	0.03	0.05	54.00	90.36
1.00	31.13	6.60	150.00	900.00	0.08	0.03	0.05	54.00	82.70
1.00	31.13	7.21	150.00	700.00	0.08	0.03	0.05	54.00	90.41
1.00	31.13	7.00	150.00	900.00	0.08	0.03	0.05	54.00	87.71
1.00	31.13	6.35	140.00	800.00	0.07	0.03	0.05	54.00	79.59
1.00	31.13	6.95	160.00	800.00	0.07	0.03	0.05	54.00	87.11
1.00	31.13	6.33	140.00	800.00	0.09	0.03	0.05	54.00	79.28
1.00	31.13	5.48	160.00	800.00	0.09	0.03	0.05	54.00	68.65
1.00	31.13	7.06	140.00	800.00	0.07	0.03	0.05	54.00	88.49
1.00	31.13	7.11	160.00	800.00	0.07	0.03	0.05	54.00	89.06
1.00	31.13	6.82	140.00	800.00	0.09	0.03	0.05	54.00	85.47
1.00	31.13	5.79	160.00	800.00	0.09	0.03	0.05	54.00	72.59
1.00	31.13	7.12	150.00	800.00	0.08	0.03	0.05	54.00	89.24
1.00	31.13	6.89	150.00	800.00	0.08	0.03	0.05	54.00	86.38
1.00	31.13	6.31	150.00	800.00	0.08	0.03	0.05	54.00	79.02
1.00	31.13	6.48	150.00	800.00	0.08	0.03	0.05	54.00	81.20
1.00	31.13	6.59	150.00	800.00	0.08	0.03	0.05	54.00	82.59
1.00	31.13	6.79	150.00	800.00	0.08	0.03	0.05	54.00	85.10
1.00	17.00	7.13	100.00	250.00	0.08	0.03	0.07	32.00	89.31
1.00	17.00	7.60	100.00	400.00	0.08	0.03	0.07	32.00	95.24
1.00	17.00	6.86	100.00	550.00	0.08	0.03	0.07	32.00	85.93
1.00	17.00	6.86	100.00	700.00	0.08	0.03	0.07	32.00	85.93
1.00	17.00	7.69	120.00	300.00	0.08	0.03	0.07	32.00	96.35
1.00	17.00	7.72	120.00	500.00	0.08	0.03	0.07	32.00	96.72
1.00	17.00	7.08	120.00	700.00	0.08	0.03	0.07	32.00	88.74
1.00	17.00	6.88	120.00	900.00	0.08	0.03	0.07	32.00	86.27
1.00	17.00	7.89	150.00	400.00	0.08	0.03	0.07	32.00	98.93
1.00	17.00	7.60	150.00	700.00	0.08	0.03	0.07	32.00	95.23
1.00	17.00	7.00	150.00	1000.00	0.08	0.03	0.07	32.00	87.78
1.00	17.00	6.35	150.00	1300.00	0.08	0.03	0.07	32.00	79.53
1.00	17.00	7.71	150.00	700.00	0.06	0.03	0.07	32.00	96.64
1.00	17.00	7.72	150.00	700.00	0.07	0.03	0.07	32.00	96.68
1.00	17.00	7.54	150.00	700.00	0.09	0.03	0.07	32.00	94.53
1.00	17.00	7.14	150.00	700.00	0.10	0.03	0.07	32.00	89.50
1.00	17.00	7.59	150.00	350.00	0.08	0.03	0.07	32.00	95.12
1.00	17.00	7.93	150.00	400.00	0.08	0.03	0.07	32.00	99.35
1.00	17.00	7.84	150.00	450.00	0.08	0.03	0.07	32.00	98.23
1.00	17.00	7.81	150.00	500.00	0.08	0.03	0.07	32.00	97.87
1.00	17.00	7.71	150.00	550.00	0.08	0.03	0.07	32.00	96.61
1.00	17.00	7.67	150.00	600.00	0.08	0.03	0.07	32.00	96.13
1.00	17.00	7.62	150.00	700.00	0.08	0.03	0.07	32.00	95.54
1.00	17.00	7.43	150.00	800.00	0.08	0.03	0.07	32.00	93.13
1.00	17.00	7.43	150.00	400.00	0.06	0.03	0.07	32.00	93.16
1.00	17.00	7.58	150.00	400.00	0.07	0.03	0.07	32.00	95.05
1.00	17.00	7.88	150.00	400.00	0.09	0.03	0.07	32.00	98.76
1.00	17.00	7.81	150.00	400.00	0.10	0.03	0.07	32.00	97.87
1.00	17.00	7.84	150.00	600.00	0.06	0.03	0.07	32.00	98.23
1.00	17.00	7.71	150.00	600.00	0.07	0.03	0.07	32.00	96.64
1.00	17.00	7.63	150.00	600.00	0.09	0.03	0.07	32.00	95.56
1.00	17.00	7.52	150.00	600.00	0.10	0.03	0.07	32.00	94.26
1.00	23.60	7.78	140.00	1000.00	0.08	0.02	0.08	3.98	97.49
1.00	23.60	7.84	160.00	800.00	0.07	0.03	0.08	3.98	98.23
1.00	23.60	7.45	140.00	1200.00	0.06	0.03	0.08	3.98	93.33
1.00	23.60	7.52	160.00	1000.00	0.07	0.04	0.08	3.98	94.29
1.00	23.60	7.41	140.00	1000.00	0.06	0.04	0.08	3.98	92.86
1.00	23.60	7.69	140.00	800.00	0.08	0.03	0.08	3.98	96.37
1.00	23.60	7.58	140.00	1000.00	0.07	0.03	0.08	3.98	94.93
1.00	23.60	7.67	140.00	1200.00	0.07	0.02	0.08	3.98	96.10
1.00	23.60	7.58	120.00	800.00	0.07	0.03	0.08	3.98	94.94
1.00	23.60	7.75	140.00	800.00	0.06	0.03	0.08	3.98	97.06
1.00	23.60	7.68	160.00	1000.00	0.08	0.03	0.08	3.98	96.20
1.00	23.60	7.73	160.00	1000.00	0.06	0.03	0.08	3.98	96.91
1.00	23.60	7.30	140.00	1200.00	0.08	0.03	0.08	3.98	91.52
1.00	23.60	7.15	120.00	1000.00	0.07	0.04	0.08	3.98	89.61
1.00	23.60	7.86	140.00	800.00	0.07	0.02	0.08	3.98	98.44
1.00	23.60	7.56	140.00	1000.00	0.07	0.03	0.08	3.98	94.68
1.00	23.60	7.47	120.00	1000.00	0.06	0.03	0.08	3.98	93.57
1.00	23.60	7.33	140.00	1000.00	0.08	0.04	0.08	3.98	91.85
1.00	23.60	7.56	140.00	800.00	0.07	0.04	0.08	3.98	94.72
1.00	23.60	7.54	140.00	1000.00	0.07	0.03	0.08	3.98	94.53
1.00	23.60	7.12	140.00	1200.00	0.07	0.04	0.08	3.98	89.25
1.00	23.60	7.84	160.00	1000.00	0.07	0.02	0.08	3.98	98.28
1.00	23.60	7.24	120.00	1200.00	0.07	0.03	0.08	3.98	90.70
1.00	23.60	7.53	160.00	1200.00	0.07	0.03	0.08	3.98	94.34
1.00	23.60	7.27	120.00	1000.00	0.08	0.03	0.08	3.98	91.12
1.00	23.60	7.80	140.00	1000.00	0.06	0.02	0.08	3.98	97.73
1.00	23.60	7.67	120.00	1000.00	0.07	0.02	0.08	3.98	96.12
1.00	35.50	7.69	125.00	100.00	0.12	0.03	0.07	39.99	96.35
1.00	35.50	7.72	125.00	200.00	0.12	0.03	0.07	39.99	96.79
1.00	35.50	7.91	125.00	400.00	0.12	0.03	0.07	39.99	99.09
1.00	35.50	7.97	125.00	600.00	0.12	0.03	0.07	39.99	99.90
1.00	35.50	7.94	125.00	800.00	0.12	0.03	0.07	39.99	99.51
1.00	35.50	7.85	200.00	200.00	0.12	0.03	0.07	39.99	98.35
1.00	35.50	7.94	200.00	400.00	0.12	0.03	0.07	39.99	99.49
1.00	35.50	7.97	200.00	600.00	0.12	0.03	0.07	39.99	99.92
1.00	35.50	7.97	200.00	800.00	0.12	0.03	0.07	39.99	99.89
1.00	35.50	7.97	200.00	1000.00	0.12	0.03	0.07	39.99	99.88
1.00	35.50	7.97	200.00	1200.00	0.12	0.03	0.07	39.99	99.83
1.00	35.50	7.94	200.00	1400.00	0.12	0.03	0.07	39.99	99.44
1.00	35.50	7.71	200.00	1800.00	0.12	0.03	0.07	39.99	96.60
1.00	35.50	7.52	200.00	2200.00	0.12	0.03	0.07	39.99	94.23
1.00	35.50	7.20	200.00	2600.00	0.12	0.03	0.07	39.99	90.22
1.00	35.50	7.88	275.00	400.00	0.12	0.03	0.07	39.99	98.74
1.00	35.50	7.97	275.00	600.00	0.12	0.03	0.07	39.99	99.90
1.00	35.50	7.97	275.00	800.00	0.12	0.03	0.07	39.99	99.91
1.00	35.50	7.98	275.00	1000.00	0.12	0.03	0.07	39.99	99.98
1.00	35.50	7.96	275.00	1200.00	0.12	0.03	0.07	39.99	99.77
1.00	35.50	7.97	275.00	1400.00	0.12	0.03	0.07	39.99	99.87
1.00	35.50	7.95	275.00	1800.00	0.12	0.03	0.07	39.99	99.62
1.00	35.50	7.91	275.00	2200.00	0.12	0.03	0.07	39.99	99.09
1.00	35.50	7.70	275.00	2600.00	0.12	0.03	0.07	39.99	96.55
1.00	35.50	7.46	275.00	3000.00	0.12	0.03	0.07	39.99	93.52
1.00	35.50	7.96	350.00	600.00	0.12	0.03	0.07	39.99	99.74
1.00	35.50	7.97	350.00	800.00	0.12	0.03	0.07	39.99	99.93
1.00	35.50	7.97	350.00	1000.00	0.12	0.03	0.07	39.99	99.90
1.00	35.50	7.98	350.00	1200.00	0.12	0.03	0.07	39.99	99.98
1.00	35.50	7.96	350.00	1400.00	0.12	0.03	0.07	39.99	99.78
1.00	35.50	7.96	350.00	1800.00	0.12	0.03	0.07	39.99	99.71
1.00	35.50	7.94	350.00	2200.00	0.12	0.03	0.07	39.99	99.46
1.00	35.50	7.59	350.00	2600.00	0.12	0.03	0.07	39.99	95.09
1.00	35.50	7.53	350.00	3000.00	0.12	0.03	0.07	39.99	94.40
1.00	35.50	7.57	350.00	3400.00	0.12	0.03	0.07	39.99	94.90
1.00	35.50	7.98	200.00	800.00	0.08	0.03	0.07	39.99	99.98
1.00	35.50	7.98	200.00	800.00	0.10	0.03	0.07	39.99	99.99
1.00	35.50	7.98	200.00	800.00	0.12	0.03	0.07	39.99	99.97
1.00	35.50	7.97	200.00	800.00	0.14	0.03	0.07	39.99	99.91
1.00	35.50	7.97	200.00	800.00	0.16	0.03	0.07	39.99	99.84
1.00	30.00	7.90	150.00	498.50	0.10	0.05	0.07	36.00	98.93
1.00	30.00	7.89	150.00	498.50	0.10	0.05	0.07	36.00	98.92
1.00	30.00	7.92	150.00	420.23	0.12	0.05	0.07	36.00	99.27
1.00	30.00	7.91	150.00	420.23	0.12	0.05	0.07	36.00	99.12
1.00	30.00	7.92	150.00	513.61	0.10	0.05	0.07	36.00	99.19
1.00	30.00	7.90	150.00	513.61	0.10	0.05	0.07	36.00	99.05
1.00	30.00	7.93	200.00	560.30	0.12	0.05	0.07	36.00	99.36
1.00	30.00	7.93	200.00	560.30	0.12	0.05	0.07	36.00	99.31
1.00	30.00	7.94	200.00	684.81	0.10	0.05	0.07	36.00	99.49
1.00	30.00	7.93	200.00	684.81	0.10	0.05	0.07	36.00	99.35
1.00	30.00	7.94	200.00	658.22	0.10	0.05	0.07	36.00	99.46
1.00	30.00	7.94	200.00	658.22	0.10	0.05	0.07	36.00	99.46
1.00	30.00	7.93	150.00	350.92	0.08	0.05	0.07	36.00	99.31
1.00	30.00	7.87	150.00	350.92	0.08	0.05	0.07	36.00	98.65
1.00	30.00	7.92	150.00	251.09	0.12	0.05	0.07	36.00	99.24
1.00	30.00	7.83	150.00	251.09	0.12	0.05	0.07	36.00	98.08
1.00	30.00	7.92	150.00	303.40	0.10	0.05	0.07	36.00	99.27
1.00	30.00	7.92	150.00	303.40	0.10	0.05	0.07	36.00	99.22
1.00	30.00	7.92	200.00	377.04	0.10	0.05	0.07	36.00	99.26
1.00	30.00	7.94	200.00	377.04	0.10	0.05	0.07	36.00	99.50
1.00	30.00	7.94	200.00	510.99	0.08	0.05	0.07	36.00	99.52
1.00	30.00	7.93	200.00	510.99	0.08	0.05	0.07	36.00	99.41
1.00	30.00	7.88	200.00	320.95	0.12	0.05	0.07	36.00	98.72
1.00	30.00	7.90	200.00	320.95	0.12	0.05	0.07	36.00	98.93
1.00	30.00	7.83	150.00	157.23	0.11	0.05	0.07	36.00	98.13
1.00	30.00	7.58	150.00	157.23	0.11	0.05	0.07	36.00	95.00
1.00	30.00	7.85	150.00	183.15	0.09	0.05	0.07	36.00	98.31
1.00	30.00	7.77	150.00	183.15	0.09	0.05	0.07	36.00	97.32
1.00	30.00	7.73	150.00	219.30	0.08	0.05	0.07	36.00	96.92
1.00	30.00	7.77	150.00	219.30	0.08	0.05	0.07	36.00	97.37
1.00	30.00	7.94	200.00	296.30	0.08	0.05	0.07	36.00	99.46
1.00	30.00	7.93	200.00	296.30	0.08	0.05	0.07	36.00	99.36
1.00	30.00	7.55	200.00	238.95	0.09	0.05	0.07	36.00	94.65
1.00	30.00	7.82	200.00	238.95	0.09	0.05	0.07	36.00	98.02
1.00	30.00	7.92	200.00	233.92	0.10	0.05	0.07	36.00	99.21
1.00	30.00	7.81	200.00	233.92	0.10	0.05	0.07	36.00	97.88
1.00	26.00	7.00	30.00	300.00	0.05	0.03	0.05	29.99	87.72
1.00	26.00	6.60	60.00	1400.00	0.05	0.03	0.05	29.99	82.71
1.00	26.00	7.70	75.00	1050.00	0.05	0.03	0.05	29.99	96.49
1.00	26.00	7.70	90.00	1400.00	0.05	0.03	0.05	29.99	96.49
1.00	26.00	7.10	90.00	1400.00	0.05	0.04	0.05	29.99	88.97
1.00	26.00	7.40	107.00	1400.00	0.05	0.03	0.05	29.99	92.73
1.00	26.00	6.80	107.00	1400.00	0.05	0.04	0.05	29.99	85.21
1.00	26.00	7.80	107.00	1400.00	0.05	0.03	0.05	29.99	97.74
1.00	26.00	7.80	120.00	800.00	0.05	0.03	0.05	29.99	97.74
1.00	26.00	7.80	120.00	800.00	0.05	0.03	0.05	29.99	97.74
1.00	26.00	7.80	120.00	800.00	0.05	0.04	0.05	29.99	97.74
1.00	26.00	7.70	120.00	800.00	0.05	0.04	0.05	29.99	96.49
1.00	26.00	7.70	120.00	1100.00	0.05	0.03	0.05	29.99	96.49
1.00	26.00	7.80	120.00	1100.00	0.05	0.04	0.05	29.99	97.74
1.00	26.00	7.60	120.00	1100.00	0.05	0.04	0.05	29.99	95.24
1.00	26.00	7.70	120.00	1400.00	0.05	0.03	0.05	29.99	96.49
1.00	26.00	7.70	120.00	1400.00	0.05	0.03	0.05	29.99	96.49
1.00	26.00	7.80	120.00	1400.00	0.05	0.04	0.05	29.99	97.74
1.00	26.00	7.50	120.00	1400.00	0.05	0.04	0.05	29.99	93.98
1.00	26.00	7.80	120.00	1700.00	0.05	0.03	0.05	29.99	97.74
1.00	26.00	7.50	120.00	1700.00	0.05	0.03	0.05	29.99	93.98
1.00	26.00	7.40	120.00	1700.00	0.05	0.04	0.05	29.99	92.73
1.00	26.00	7.60	120.00	2000.00	0.05	0.03	0.05	29.99	95.24
1.00	26.00	7.80	160.00	1000.00	0.05	0.03	0.05	29.99	97.74
1.00	26.00	7.80	160.00	2000.00	0.05	0.03	0.05	29.99	97.74
1.00	26.00	7.90	180.00	1400.00	0.05	0.03	0.05	29.99	99.00
1.00	26.00	7.80	180.00	1400.00	0.05	0.03	0.05	29.99	97.74
1.00	26.00	7.80	180.00	1400.00	0.05	0.04	0.05	29.99	97.74
1.00	26.00	7.80	200.00	1400.00	0.05	0.03	0.05	29.99	97.74
1.00	26.00	7.80	240.00	2800.00	0.05	0.03	0.05	29.99	97.74
1.00	26.25	7.70	175.00	800.00	0.11	0.05	0.07	5.00	96.35
1.00	26.25	7.77	200.00	577.00	0.11	0.05	0.07	5.00	97.23
1.00	26.25	7.85	200.00	750.00	0.11	0.05	0.07	5.00	98.21
1.00	26.25	7.25	150.00	800.00	0.11	0.05	0.07	5.00	90.78
1.00	26.25	7.79	200.00	698.00	0.11	0.05	0.07	5.00	97.50
1.00	27.82	7.95	150.00	500.00	0.08	0.03	0.10	25.00	99.62
1.00	27.82	7.95	150.00	700.00	0.08	0.03	0.10	25.00	99.59
1.00	27.82	7.92	150.00	900.00	0.08	0.03	0.10	25.00	99.21
1.00	27.82	7.92	150.00	1100.00	0.08	0.03	0.10	25.00	99.28
1.00	27.82	7.96	175.00	500.00	0.08	0.03	0.10	25.00	99.73
1.00	27.82	7.97	175.00	700.00	0.08	0.03	0.10	25.00	99.93
1.00	27.82	7.97	175.00	900.00	0.08	0.03	0.10	25.00	99.88
1.00	27.82	7.88	175.00	1100.00	0.08	0.03	0.10	25.00	98.76
1.00	27.82	7.71	200.00	500.00	0.08	0.03	0.10	25.00	96.64
1.00	27.82	7.95	200.00	700.00	0.08	0.03	0.10	25.00	99.66
1.00	27.82	7.96	200.00	900.00	0.08	0.03	0.10	25.00	99.71
1.00	27.82	7.93	200.00	1100.00	0.08	0.03	0.10	25.00	99.36
1.00	27.82	7.86	200.00	1300.00	0.08	0.03	0.10	25.00	98.54
1.00	27.82	7.80	200.00	1500.00	0.08	0.03	0.10	25.00	97.70
1.00	27.82	7.95	200.00	1100.00	0.04	0.03	0.10	25.00	99.62
1.00	27.82	7.93	200.00	1100.00	0.08	0.03	0.10	25.00	99.36
1.00	27.82	7.79	200.00	1100.00	0.12	0.03	0.10	25.00	97.63
1.00	27.82	7.93	200.00	1100.00	0.08	0.03	0.10	25.00	99.36
1.00	27.82	7.81	200.00	1100.00	0.08	0.04	0.10	25.00	97.93
1.00	27.82	7.79	200.00	1100.00	0.08	0.05	0.10	25.00	97.62
1.00	27.82	7.49	200.00	1100.00	0.08	0.06	0.10	25.00	93.80
1.00	27.82	7.40	100.00	1100.00	0.08	0.03	0.10	25.00	92.70
1.00	27.82	7.77	125.00	1100.00	0.08	0.03	0.10	25.00	97.40
1.00	27.82	7.22	150.00	500.00	0.04	0.03	0.10	25.00	90.48
1.00	27.82	7.26	175.00	700.00	0.04	0.03	0.10	25.00	91.03
2.00	26.56	7.75	360.00	2000.00	0.07	0.06	0.07	9.00	94.58
2.00	26.56	7.79	360.00	1840.00	0.07	0.06	0.07	9.00	95.10
2.00	26.56	7.81	360.00	1750.00	0.07	0.06	0.07	9.00	95.33
2.00	26.56	7.78	380.00	2000.00	0.07	0.06	0.07	9.00	95.02
2.00	26.56	7.83	380.00	1840.00	0.07	0.06	0.07	9.00	95.64
2.00	26.56	7.85	380.00	1750.00	0.07	0.06	0.07	9.00	95.83
2.00	26.56	7.72	400.00	2000.00	0.07	0.06	0.07	9.00	94.27
2.00	26.56	7.79	400.00	1840.00	0.07	0.06	0.07	9.00	95.13
2.00	26.56	7.87	400.00	1750.00	0.07	0.06	0.07	9.00	96.08
2.00	30.00	8.10	170.00	500.00	0.08	0.04	0.40	89.99	98.55
2.00	30.00	8.15	170.00	600.00	0.08	0.04	0.40	89.99	99.10
2.00	30.00	8.13	170.00	700.00	0.08	0.04	0.40	89.99	98.89
2.00	30.00	8.09	170.00	800.00	0.08	0.04	0.40	89.99	98.44
2.00	30.00	8.11	170.00	1000.00	0.08	0.04	0.40	89.99	98.64
2.00	30.00	8.06	170.00	1200.00	0.08	0.04	0.40	89.99	98.01
2.00	30.00	8.13	220.00	500.00	0.08	0.04	0.40	89.99	98.85
2.00	30.00	8.12	220.00	600.00	0.08	0.04	0.40	89.99	98.84
2.00	30.00	8.12	220.00	700.00	0.08	0.04	0.40	89.99	98.73
2.00	30.00	8.13	220.00	800.00	0.08	0.04	0.40	89.99	98.92
2.00	30.00	8.12	220.00	1000.00	0.08	0.04	0.40	89.99	98.74
2.00	30.00	8.10	220.00	1200.00	0.08	0.04	0.40	89.99	98.49
2.00	30.00	8.04	270.00	500.00	0.08	0.04	0.40	89.99	97.76
2.00	30.00	8.10	270.00	600.00	0.08	0.04	0.40	89.99	98.58
2.00	30.00	8.11	270.00	700.00	0.08	0.04	0.40	89.99	98.69
2.00	30.00	8.08	270.00	800.00	0.08	0.04	0.40	89.99	98.32
2.00	30.00	8.08	270.00	1000.00	0.08	0.04	0.40	89.99	98.33
2.00	30.00	8.07	270.00	1200.00	0.08	0.04	0.40	89.99	98.22
2.00	30.00	8.04	320.00	500.00	0.08	0.04	0.40	89.99	97.85
2.00	30.00	8.11	320.00	600.00	0.08	0.04	0.40	89.99	98.72
2.00	30.00	8.14	320.00	700.00	0.08	0.04	0.40	89.99	99.00
2.00	30.00	8.14	320.00	800.00	0.08	0.04	0.40	89.99	98.97
2.00	30.00	8.13	320.00	1000.00	0.08	0.04	0.40	89.99	98.85
2.00	30.00	8.06	320.00	1200.00	0.08	0.04	0.40	89.99	98.10
2.00	30.00	8.07	370.00	500.00	0.08	0.04	0.40	89.99	98.22
2.00	30.00	8.08	370.00	600.00	0.08	0.04	0.40	89.99	98.31
2.00	30.00	8.08	370.00	700.00	0.08	0.04	0.40	89.99	98.34
2.00	30.00	8.14	370.00	800.00	0.08	0.04	0.40	89.99	98.97
2.00	30.00	8.12	370.00	1000.00	0.08	0.04	0.40	89.99	98.78
2.00	30.00	8.10	370.00	1200.00	0.08	0.04	0.40	89.99	98.51
2.00	30.00	8.09	170.00	500.00	0.10	0.04	0.40	89.99	98.38
2.00	30.00	8.09	170.00	600.00	0.10	0.04	0.40	89.99	98.39
2.00	30.00	8.10	170.00	700.00	0.10	0.04	0.40	89.99	98.53
2.00	30.00	8.14	170.00	800.00	0.10	0.04	0.40	89.99	99.02
2.00	30.00	8.08	170.00	1000.00	0.10	0.04	0.40	89.99	98.26
2.00	30.00	7.90	170.00	1200.00	0.10	0.04	0.40	89.99	96.14
2.00	30.00	8.13	220.00	500.00	0.10	0.04	0.40	89.99	98.85
2.00	30.00	8.12	220.00	600.00	0.10	0.04	0.40	89.99	98.84
2.00	30.00	8.12	220.00	700.00	0.10	0.04	0.40	89.99	98.73
2.00	30.00	8.13	220.00	800.00	0.10	0.04	0.40	89.99	98.92
2.00	30.00	8.12	220.00	1000.00	0.10	0.04	0.40	89.99	98.74
2.00	30.00	8.10	220.00	1200.00	0.10	0.04	0.40	89.99	98.49
2.00	30.00	8.12	270.00	500.00	0.10	0.04	0.40	89.99	98.75
2.00	30.00	8.15	270.00	600.00	0.10	0.04	0.40	89.99	99.13
2.00	30.00	8.18	270.00	700.00	0.10	0.04	0.40	89.99	99.56
2.00	30.00	8.14	270.00	800.00	0.10	0.04	0.40	89.99	99.05
2.00	30.00	8.09	270.00	1000.00	0.10	0.04	0.40	89.99	98.45
2.00	30.00	8.12	270.00	1200.00	0.10	0.04	0.40	89.99	98.73
2.00	30.00	8.07	320.00	500.00	0.10	0.04	0.40	89.99	98.16
2.00	30.00	8.11	320.00	600.00	0.10	0.04	0.40	89.99	98.62
2.00	30.00	8.14	320.00	700.00	0.10	0.04	0.40	89.99	99.05
2.00	30.00	8.11	320.00	800.00	0.10	0.04	0.40	89.99	98.64
2.00	30.00	8.12	320.00	1000.00	0.10	0.04	0.40	89.99	98.74
2.00	30.00	8.07	320.00	1200.00	0.10	0.04	0.40	89.99	98.13
2.00	30.00	8.09	370.00	500.00	0.10	0.04	0.40	89.99	98.44
2.00	30.00	8.08	370.00	600.00	0.10	0.04	0.40	89.99	98.34
2.00	30.00	8.14	370.00	700.00	0.10	0.04	0.40	89.99	99.02
2.00	30.00	8.07	370.00	800.00	0.10	0.04	0.40	89.99	98.17
2.00	30.00	8.09	370.00	1000.00	0.10	0.04	0.40	89.99	98.45
2.00	30.00	8.09	370.00	1200.00	0.10	0.04	0.40	89.99	98.38
2.00	30.00	8.07	170.00	500.00	0.12	0.04	0.40	89.99	98.12
2.00	30.00	8.10	170.00	600.00	0.12	0.04	0.40	89.99	98.55
2.00	30.00	8.10	170.00	700.00	0.12	0.04	0.40	89.99	98.56
2.00	30.00	8.09	170.00	800.00	0.12	0.04	0.40	89.99	98.40
2.00	30.00	7.93	170.00	1000.00	0.12	0.04	0.40	89.99	96.49
2.00	30.00	7.65	170.00	1200.00	0.12	0.04	0.40	89.99	93.11
2.00	30.00	8.09	220.00	500.00	0.12	0.04	0.40	89.99	98.45
2.00	30.00	8.12	220.00	600.00	0.12	0.04	0.40	89.99	98.81
2.00	30.00	8.09	220.00	700.00	0.12	0.04	0.40	89.99	98.41
2.00	30.00	8.11	220.00	800.00	0.12	0.04	0.40	89.99	98.70
2.00	30.00	8.11	220.00	1000.00	0.12	0.04	0.40	89.99	98.63
2.00	30.00	8.01	220.00	1200.00	0.12	0.04	0.40	89.99	97.47
2.00	30.00	8.11	270.00	500.00	0.12	0.04	0.40	89.99	98.66
2.00	30.00	8.14	270.00	600.00	0.12	0.04	0.40	89.99	99.01
2.00	30.00	8.12	270.00	700.00	0.12	0.04	0.40	89.99	98.79
2.00	30.00	8.12	270.00	800.00	0.12	0.04	0.40	89.99	98.82
2.00	30.00	8.10	270.00	1000.00	0.12	0.04	0.40	89.99	98.53
2.00	30.00	8.10	270.00	1200.00	0.12	0.04	0.40	89.99	98.51
2.00	30.00	8.07	320.00	500.00	0.12	0.04	0.40	89.99	98.16
2.00	30.00	8.15	320.00	600.00	0.12	0.04	0.40	89.99	99.17
2.00	30.00	8.14	320.00	700.00	0.12	0.04	0.40	89.99	99.06
2.00	30.00	8.13	320.00	800.00	0.12	0.04	0.40	89.99	98.92
2.00	30.00	8.12	320.00	1000.00	0.12	0.04	0.40	89.99	98.74
2.00	30.00	8.11	320.00	1200.00	0.12	0.04	0.40	89.99	98.62
2.00	30.00	8.05	370.00	500.00	0.12	0.04	0.40	89.99	97.92
2.00	30.00	8.06	370.00	600.00	0.12	0.04	0.40	89.99	98.07
2.00	30.00	8.09	370.00	700.00	0.12	0.04	0.40	89.99	98.45
2.00	30.00	8.07	370.00	800.00	0.12	0.04	0.40	89.99	98.16
2.00	30.00	8.08	370.00	1000.00	0.12	0.04	0.40	89.99	98.32
2.00	30.00	8.06	370.00	1200.00	0.12	0.04	0.40	89.99	98.11
2.00	22.50	7.70	90.00	100.00	0.08	0.03	0.11	7.99	94.03
2.00	22.50	8.11	90.00	200.00	0.08	0.03	0.11	7.99	99.03
2.00	22.50	8.14	90.00	300.00	0.08	0.03	0.11	7.99	99.45
2.00	22.50	8.16	90.00	400.00	0.08	0.03	0.11	7.99	99.62
2.00	22.50	8.15	90.00	600.00	0.08	0.03	0.11	7.99	99.49
2.00	22.50	8.17	90.00	800.00	0.08	0.03	0.11	7.99	99.70
2.00	22.50	7.88	90.00	1200.00	0.08	0.03	0.11	7.99	96.19
2.00	22.50	7.07	90.00	1600.00	0.08	0.03	0.11	7.99	86.37
2.00	22.50	7.43	150.00	1200.00	0.15	0.02	0.10	4.00	87.70
2.00	22.50	7.66	150.00	2000.00	0.20	0.02	0.10	4.00	90.40
2.00	22.50	7.51	100.00	2000.00	0.20	0.02	0.10	4.00	89.60
2.00	22.50	7.59	150.00	2000.00	0.25	0.02	0.10	4.00	88.70
2.00	37.40	8.17	245.00	755.00	0.09	0.05	0.08	1.00	99.73
2.00	29.56	8.17	150.00	800.00	0.06	0.03	0.07	24.83	99.12
2.00	29.56	8.18	150.00	900.00	0.07	0.03	0.07	24.83	99.26
2.00	29.56	7.92	150.00	1000.00	0.08	0.03	0.07	24.83	96.13
2.00	29.56	7.86	150.00	1100.00	0.09	0.03	0.07	24.83	95.43
2.00	29.56	7.60	150.00	1200.00	0.10	0.03	0.07	24.83	92.28
2.00	29.56	8.21	160.00	800.00	0.07	0.03	0.07	24.83	99.68
2.00	29.56	8.10	160.00	900.00	0.08	0.03	0.07	24.83	98.33
2.00	29.56	8.04	160.00	1000.00	0.09	0.03	0.07	24.83	97.55
2.00	29.56	7.79	160.00	1100.00	0.10	0.03	0.07	24.83	94.48
2.00	29.56	8.13	160.00	1200.00	0.06	0.03	0.07	24.83	98.62
2.00	29.56	8.20	170.00	800.00	0.08	0.03	0.07	24.83	99.57
2.00	29.56	8.13	170.00	900.00	0.09	0.03	0.07	24.83	98.63
2.00	29.56	8.03	170.00	1000.00	0.10	0.03	0.07	24.83	97.43
2.00	29.56	8.18	170.00	1100.00	0.06	0.03	0.07	24.83	99.23
2.00	29.56	8.04	170.00	1200.00	0.07	0.03	0.07	24.83	97.55
2.00	29.56	8.17	180.00	800.00	0.09	0.03	0.07	24.83	99.15
2.00	29.56	8.08	180.00	900.00	0.10	0.03	0.07	24.83	98.02
2.00	29.56	8.20	180.00	1000.00	0.06	0.03	0.07	24.83	99.53
2.00	29.56	8.15	180.00	1100.00	0.07	0.03	0.07	24.83	98.92
2.00	29.56	8.09	180.00	1200.00	0.08	0.03	0.07	24.83	98.21
2.00	29.56	8.12	190.00	800.00	0.10	0.03	0.07	24.83	98.50
2.00	29.56	8.15	190.00	900.00	0.06	0.03	0.07	24.83	98.92
2.00	29.56	8.19	190.00	1000.00	0.07	0.03	0.07	24.83	99.43
2.00	29.56	8.07	190.00	1100.00	0.08	0.03	0.07	24.83	97.88
2.00	29.56	7.98	190.00	1200.00	0.09	0.03	0.07	24.83	96.84
2.00	22.50	8.20	320.00	700.00	0.12	0.05	0.20	9.00	99.70
2.00	32.00	6.69	150.00	1500.00	0.14	0.04	0.10	42.00	81.44
2.00	32.00	6.84	160.00	1400.00	0.14	0.04	0.10	42.00	83.26
2.00	32.00	7.99	150.00	900.00	0.10	0.05	0.10	42.00	97.16
2.00	32.00	8.07	200.00	750.00	0.08	0.04	0.10	42.00	98.19
2.00	32.00	8.07	200.00	750.00	0.12	0.04	0.10	42.00	98.11
2.00	32.00	8.08	200.00	750.00	0.12	0.05	0.10	42.00	98.19
2.00	32.00	8.04	200.00	1050.00	0.08	0.04	0.10	42.00	97.73
2.00	32.00	8.02	200.00	1050.00	0.08	0.05	0.10	42.00	97.54
2.00	32.00	7.93	200.00	1050.00	0.12	0.04	0.10	42.00	96.34
2.00	32.00	7.88	200.00	1050.00	0.12	0.05	0.10	42.00	95.79
2.00	32.00	8.07	250.00	600.00	0.10	0.05	0.10	42.00	98.04
2.00	32.00	8.08	250.00	900.00	0.06	0.05	0.10	42.00	98.19
2.00	32.00	8.08	250.00	900.00	0.10	0.03	0.10	42.00	98.10
2.00	32.00	8.19	250.00	900.00	0.10	0.05	0.10	42.00	99.47
2.00	32.00	8.05	250.00	900.00	0.10	0.06	0.10	42.00	97.79
2.00	32.00	8.08	250.00	900.00	0.14	0.05	0.10	42.00	98.15
2.00	32.00	8.09	250.00	1200.00	0.10	0.05	0.10	42.00	98.24
2.00	32.00	8.13	300.00	750.00	0.08	0.04	0.10	42.00	98.68
2.00	32.00	8.05	300.00	750.00	0.08	0.05	0.10	42.00	97.73
2.00	32.00	8.06	300.00	750.00	0.12	0.04	0.10	42.00	97.87
2.00	32.00	8.09	300.00	750.00	0.12	0.05	0.10	42.00	98.24
2.00	32.00	8.06	300.00	1050.00	0.08	0.04	0.10	42.00	97.80
2.00	32.00	8.03	300.00	1050.00	0.08	0.05	0.10	42.00	97.45
2.00	32.00	7.98	300.00	1050.00	0.12	0.05	0.10	42.00	96.76
2.00	32.00	8.08	300.00	1050.00	0.12	0.04	0.10	42.00	97.96
2.00	32.00	8.10	350.00	900.00	0.10	0.05	0.10	42.00	98.21
2.00	32.00	8.02	180.00	500.00	0.05	0.04	0.10	42.00	97.25
2.00	32.00	8.06	180.00	800.00	0.08	0.04	0.10	42.00	97.73
2.00	32.00	7.95	180.00	1100.00	0.11	0.04	0.10	42.00	96.34
2.00	32.00	7.16	180.00	1400.00	0.14	0.04	0.10	42.00	86.76
2.00	32.00	7.90	230.00	500.00	0.08	0.04	0.10	42.00	95.80
2.00	32.00	8.05	230.00	800.00	0.05	0.04	0.10	42.00	97.62
2.00	32.00	8.03	230.00	1100.00	0.14	0.04	0.10	42.00	97.32
2.00	32.00	8.02	230.00	1400.00	0.11	0.04	0.10	42.00	97.13
2.00	32.00	8.01	280.00	500.00	0.11	0.04	0.10	42.00	97.00
2.00	32.00	8.04	280.00	800.00	0.14	0.04	0.10	42.00	97.41
2.00	32.00	8.01	280.00	1100.00	0.05	0.04	0.10	42.00	97.02
2.00	32.00	8.01	280.00	1400.00	0.08	0.04	0.10	42.00	96.95
2.00	32.00	8.05	330.00	500.00	0.14	0.04	0.10	42.00	97.48
2.00	32.00	8.06	330.00	800.00	0.11	0.04	0.10	42.00	97.57
2.00	32.00	8.04	330.00	1100.00	0.08	0.04	0.10	42.00	97.35
2.00	32.00	8.08	330.00	1400.00	0.05	0.04	0.10	42.00	97.75
2.00	32.50	7.68	160.00	1250.00	0.11	0.04	0.08	10.00	93.15
2.00	32.50	7.69	180.00	1080.00	0.11	0.04	0.08	10.00	93.30
2.00	32.50	8.04	200.00	920.00	0.11	0.04	0.08	10.00	97.52
2.00	32.50	8.19	280.00	960.00	0.11	0.04	0.08	10.00	99.38
2.00	32.50	8.17	180.00	455.00	0.11	0.04	0.08	10.00	99.13
2.00	32.50	8.16	200.00	410.00	0.11	0.04	0.08	10.00	99.00
2.00	32.50	7.99	160.00	285.00	0.11	0.04	0.08	10.00	96.93
2.00	32.50	7.87	320.00	520.00	0.11	0.04	0.08	10.00	95.45
2.00	32.50	7.85	280.00	400.00	0.11	0.04	0.08	10.00	95.30
2.00	32.50	7.85	320.00	410.00	0.11	0.04	0.08	10.00	95.26
2.00	39.98	7.62	168.00	1475.00	0.10	0.03	0.08	3.00	93.09
2.00	39.98	8.17	330.00	1770.00	0.10	0.03	0.08	3.00	99.77
2.00	39.98	8.18	220.00	1180.00	0.10	0.03	0.08	3.00	99.93
2.00	32.00	8.07	250.00	900.00	0.06	0.05	0.10	30.00	98.19
2.00	32.00	8.12	250.00	900.00	0.10	0.05	0.10	30.00	98.77
2.00	32.00	7.87	200.00	1050.00	0.12	0.05	0.10	30.00	95.79
2.00	32.00	8.11	300.00	750.00	0.08	0.04	0.10	30.00	98.68
2.00	32.00	8.06	250.00	600.00	0.10	0.05	0.10	30.00	98.04
2.00	32.00	8.04	300.00	1050.00	0.08	0.04	0.10	30.00	97.80
2.00	32.00	8.12	250.00	900.00	0.10	0.05	0.10	30.00	98.82
2.00	32.00	8.07	200.00	750.00	0.12	0.05	0.10	30.00	98.19
2.00	32.00	8.07	200.00	750.00	0.08	0.04	0.10	30.00	98.19
2.00	32.00	8.08	300.00	750.00	0.12	0.05	0.10	30.00	98.24
2.00	32.00	8.10	250.00	900.00	0.10	0.05	0.10	30.00	98.54
2.00	32.00	8.19	200.00	750.00	0.08	0.05	0.10	30.00	99.65
2.00	32.00	8.06	200.00	750.00	0.12	0.04	0.10	30.00	98.11
2.00	32.00	8.18	250.00	900.00	0.10	0.05	0.10	30.00	99.47
2.00	32.00	8.11	250.00	900.00	0.10	0.05	0.10	30.00	98.68
2.00	32.00	8.07	350.00	900.00	0.10	0.05	0.10	30.00	98.21
2.00	32.00	8.04	300.00	750.00	0.12	0.04	0.10	30.00	97.87
2.00	32.00	7.95	300.00	1050.00	0.12	0.05	0.10	30.00	96.76
2.00	32.00	8.02	200.00	1050.00	0.08	0.05	0.10	30.00	97.54
2.00	32.00	7.92	200.00	1050.00	0.12	0.04	0.10	30.00	96.34
2.00	32.00	8.05	300.00	1050.00	0.12	0.04	0.10	30.00	97.96
2.00	32.00	8.09	250.00	900.00	0.10	0.05	0.10	30.00	98.36
2.00	32.00	8.03	200.00	1050.00	0.08	0.04	0.10	30.00	97.73
2.00	32.00	7.99	150.00	900.00	0.10	0.05	0.10	30.00	97.16
2.00	32.00	8.04	250.00	900.00	0.10	0.06	0.10	30.00	97.79
2.00	32.00	8.08	250.00	1200.00	0.10	0.05	0.10	30.00	98.24
2.00	32.00	8.06	250.00	900.00	0.10	0.03	0.10	30.00	98.10
2.00	32.00	8.07	250.00	900.00	0.14	0.05	0.10	30.00	98.15
2.00	32.00	8.01	300.00	1050.00	0.08	0.05	0.10	30.00	97.45
2.00	32.00	8.03	300.00	750.00	0.08	0.05	0.10	30.00	97.73
2.00	31.90	8.15	155.00	540.00	0.12	0.03	0.10	18.00	99.54
2.00	31.90	8.15	155.00	540.00	0.16	0.03	0.10	18.00	99.53
2.00	31.90	8.15	155.00	680.00	0.12	0.03	0.10	18.00	99.56
2.00	31.90	8.10	155.00	680.00	0.16	0.03	0.10	18.00	98.92
2.00	31.90	8.19	175.00	610.00	0.14	0.03	0.10	18.00	99.94
2.00	31.90	8.15	195.00	540.00	0.12	0.03	0.10	18.00	99.49
2.00	31.90	8.16	195.00	540.00	0.16	0.03	0.10	18.00	99.58
2.00	31.90	8.15	195.00	680.00	0.12	0.03	0.10	18.00	99.46
2.00	31.90	8.14	195.00	680.00	0.16	0.03	0.10	18.00	99.40
2.00	31.90	8.18	155.00	540.00	0.12	0.03	0.10	18.00	99.84
2.00	31.90	8.18	155.00	540.00	0.16	0.03	0.10	18.00	99.92
2.00	31.90	8.12	155.00	680.00	0.12	0.03	0.10	18.00	99.14
2.00	31.90	7.91	155.00	680.00	0.16	0.03	0.10	18.00	96.55
2.00	31.90	8.12	175.00	610.00	0.14	0.03	0.10	18.00	99.16
2.00	31.90	7.93	195.00	540.00	0.12	0.03	0.10	18.00	96.81
2.00	31.90	7.90	195.00	540.00	0.16	0.03	0.10	18.00	96.40
2.00	31.90	7.76	195.00	680.00	0.12	0.03	0.10	18.00	94.75
2.00	31.90	7.97	195.00	680.00	0.16	0.03	0.10	18.00	97.33
3.00	30.00	3.45	50.00	500.00	0.10	0.03	0.10	16.00	77.98
3.00	30.00	2.43	50.00	750.00	0.10	0.03	0.10	16.00	54.95
3.00	30.00	2.00	50.00	1000.00	0.10	0.03	0.10	16.00	45.07
3.00	30.00	1.54	50.00	1200.00	0.11	0.03	0.10	16.00	34.84
3.00	30.00	4.42	100.00	500.00	0.10	0.03	0.10	16.00	99.83
3.00	30.00	4.16	100.00	750.00	0.10	0.03	0.10	16.00	93.94
3.00	30.00	3.54	100.00	1000.00	0.10	0.03	0.10	16.00	79.93
3.00	30.00	3.32	100.00	1200.00	0.10	0.03	0.10	16.00	74.93
3.00	30.00	4.08	150.00	500.00	0.10	0.03	0.10	16.00	92.17
3.00	30.00	4.43	150.00	750.00	0.10	0.03	0.10	16.00	99.95
3.00	30.00	4.43	150.00	1000.00	0.10	0.03	0.10	16.00	99.96
3.00	30.00	4.21	150.00	1200.00	0.10	0.03	0.10	16.00	95.04
3.00	30.00	4.04	195.00	500.00	0.10	0.03	0.10	16.00	91.22
3.00	30.00	4.36	195.00	750.00	0.10	0.03	0.10	16.00	98.37
3.00	30.00	4.42	195.00	1000.00	0.10	0.03	0.10	16.00	99.83
3.00	30.00	4.42	195.00	1200.00	0.10	0.03	0.10	16.00	99.84
3.00	43.00	4.32	100.00	700.00	0.12	0.05	0.08	16.00	97.59
3.00	43.00	4.37	275.00	700.00	0.12	0.05	0.08	16.00	98.68
3.00	43.00	3.28	100.00	1100.00	0.12	0.05	0.08	16.00	74.04
3.00	43.00	4.43	275.00	1100.00	0.12	0.05	0.08	16.00	99.97
3.00	43.00	4.41	275.00	1100.00	0.12	0.05	0.08	16.00	99.60
3.00	43.00	4.30	100.00	700.00	0.12	0.05	0.08	16.00	97.06
3.00	43.00	3.60	100.00	1100.00	0.12	0.05	0.08	16.00	81.33
3.00	43.00	4.40	275.00	700.00	0.12	0.05	0.08	16.00	99.37
3.00	43.00	4.42	275.00	1100.00	0.12	0.05	0.08	16.00	99.69
3.00	43.00	4.37	100.00	700.00	0.12	0.05	0.08	16.00	98.68
3.00	43.00	4.40	275.00	700.00	0.12	0.05	0.08	16.00	99.43
3.00	43.00	3.65	100.00	1100.00	0.12	0.05	0.08	16.00	82.33
3.00	43.00	4.04	100.00	1100.00	0.12	0.05	0.08	16.00	91.17
3.00	43.00	4.38	100.00	700.00	0.12	0.05	0.08	16.00	98.93
3.00	43.00	4.40	275.00	1100.00	0.12	0.05	0.08	16.00	99.35
3.00	43.00	4.41	275.00	700.00	0.12	0.05	0.08	16.00	99.51
3.00	31.06	4.14	40.00	200.00	0.04	0.02	0.07	16.00	93.15
3.00	31.06	4.07	60.00	200.00	0.05	0.02	0.07	16.00	91.61
3.00	31.06	4.16	80.00	200.00	0.06	0.02	0.07	16.00	93.75
3.00	31.06	4.19	100.00	200.00	0.07	0.02	0.07	16.00	94.44
3.00	31.06	3.89	40.00	200.00	0.05	0.03	0.07	16.00	87.51
3.00	31.06	4.10	60.00	200.00	0.04	0.03	0.07	16.00	92.25
3.00	31.06	4.11	80.00	200.00	0.07	0.03	0.07	16.00	92.47
3.00	31.06	4.03	100.00	200.00	0.06	0.03	0.07	16.00	90.83
3.00	31.06	3.97	40.00	200.00	0.06	0.03	0.07	16.00	89.48
3.00	31.06	3.83	60.00	200.00	0.07	0.03	0.07	16.00	86.26
3.00	31.06	4.04	80.00	200.00	0.04	0.03	0.07	16.00	90.89
3.00	31.06	4.08	100.00	200.00	0.05	0.03	0.07	16.00	91.82
3.00	31.06	3.72	40.00	200.00	0.07	0.04	0.07	16.00	83.85
3.00	31.06	3.91	60.00	200.00	0.06	0.04	0.07	16.00	88.06
3.00	31.06	3.99	80.00	200.00	0.05	0.04	0.07	16.00	89.81
3.00	31.06	3.84	100.00	200.00	0.04	0.04	0.07	16.00	86.59
3.00	35.00	4.33	50.00	300.00	0.07	0.03	0.09	24.00	97.73
3.00	35.00	4.33	50.00	300.00	0.09	0.03	0.09	24.00	97.71
3.00	35.00	4.33	50.00	300.00	0.10	0.03	0.09	24.00	97.76
3.00	35.00	4.21	50.00	300.00	0.12	0.03	0.09	24.00	95.10
3.00	35.00	4.40	60.00	300.00	0.08	0.03	0.09	24.00	99.39
3.00	35.00	4.41	60.00	400.00	0.08	0.03	0.09	24.00	99.59
3.00	35.00	4.36	60.00	500.00	0.08	0.03	0.09	24.00	98.53
3.00	35.00	4.24	60.00	600.00	0.08	0.03	0.09	24.00	95.66
3.00	35.00	4.40	70.00	400.00	0.07	0.03	0.09	24.00	99.23
3.00	35.00	4.41	70.00	400.00	0.08	0.03	0.09	24.00	99.66
3.00	35.00	4.42	70.00	400.00	0.10	0.03	0.09	24.00	99.70
3.00	35.00	4.41	70.00	400.00	0.12	0.03	0.09	24.00	99.55
3.00	35.00	4.42	80.00	300.00	0.09	0.03	0.09	24.00	99.71
3.00	35.00	4.42	80.00	400.00	0.09	0.03	0.09	24.00	99.72
3.00	35.00	4.36	80.00	500.00	0.09	0.03	0.09	24.00	98.48
3.00	35.00	4.41	80.00	600.00	0.09	0.03	0.09	24.00	99.63
3.00	35.00	4.41	90.00	600.00	0.07	0.03	0.09	24.00	99.53
3.00	35.00	4.42	90.00	600.00	0.08	0.03	0.09	24.00	99.74
3.00	35.00	4.41	90.00	600.00	0.09	0.03	0.09	24.00	99.55
3.00	35.00	4.40	90.00	600.00	0.12	0.03	0.09	24.00	99.31
3.00	35.00	4.42	100.00	300.00	0.12	0.03	0.09	24.00	99.75
3.00	35.00	4.42	100.00	400.00	0.12	0.03	0.09	24.00	99.77
3.00	35.00	4.42	100.00	500.00	0.12	0.03	0.09	24.00	99.70
3.00	35.00	4.40	100.00	600.00	0.12	0.03	0.09	24.00	99.43
3.00	30.00	4.34	90.00	600.00	0.07	0.03	0.20	25.00	97.95
3.00	30.00	4.32	90.00	650.00	0.07	0.03	0.20	25.00	97.43
3.00	30.00	4.36	90.00	700.00	0.08	0.03	0.20	25.00	98.43
3.00	30.00	4.21	90.00	750.00	0.08	0.03	0.20	25.00	95.11
3.00	30.00	4.19	90.00	800.00	0.09	0.03	0.20	25.00	94.51
3.00	30.00	4.30	95.00	600.00	0.07	0.03	0.20	25.00	97.14
3.00	30.00	4.30	95.00	650.00	0.08	0.03	0.20	25.00	96.98
3.00	30.00	4.31	95.00	700.00	0.08	0.03	0.20	25.00	97.38
3.00	30.00	4.30	95.00	750.00	0.09	0.03	0.20	25.00	97.16
3.00	30.00	4.33	95.00	800.00	0.07	0.03	0.20	25.00	97.73
3.00	30.00	4.35	100.00	600.00	0.08	0.03	0.20	25.00	98.13
3.00	30.00	4.34	100.00	650.00	0.08	0.03	0.20	25.00	98.07
3.00	30.00	4.28	100.00	700.00	0.09	0.03	0.20	25.00	96.51
3.00	30.00	4.26	100.00	750.00	0.07	0.03	0.20	25.00	96.22
3.00	30.00	4.31	100.00	800.00	0.07	0.03	0.20	25.00	97.24
3.00	30.00	4.31	105.00	600.00	0.08	0.03	0.20	25.00	97.39
3.00	30.00	4.31	105.00	650.00	0.09	0.03	0.20	25.00	97.26
3.00	30.00	4.34	105.00	700.00	0.07	0.03	0.20	25.00	97.96
3.00	30.00	4.31	105.00	750.00	0.07	0.03	0.20	25.00	97.23
3.00	30.00	4.27	105.00	800.00	0.08	0.03	0.20	25.00	96.44
3.00	30.00	4.29	110.00	600.00	0.09	0.03	0.20	25.00	96.95
3.00	30.00	4.32	110.00	650.00	0.07	0.03	0.20	25.00	97.52
3.00	30.00	4.32	110.00	700.00	0.07	0.03	0.20	25.00	97.42
3.00	30.00	4.33	110.00	750.00	0.08	0.03	0.20	25.00	97.65
3.00	30.00	4.35	110.00	800.00	0.08	0.03	0.20	25.00	98.24
3.00	40.00	4.41	150.00	1300.00	0.09	0.03	0.10	22.00	99.52
3.00	40.00	4.18	210.00	1500.00	0.09	0.03	0.10	22.00	94.40
3.00	40.00	4.37	180.00	900.00	0.11	0.03	0.10	22.00	98.75
3.00	40.00	4.42	120.00	640.00	0.09	0.03	0.10	22.00	99.70
3.00	40.00	4.25	170.00	900.00	0.09	0.03	0.10	22.00	95.88
3.00	40.00	4.10	120.00	600.00	0.09	0.03	0.10	22.00	92.62
3.00	40.00	4.41	120.00	700.00	0.07	0.03	0.10	22.00	99.56
3.00	40.00	4.40	230.00	1200.00	0.07	0.03	0.10	22.00	99.43
3.00	40.00	4.38	220.00	800.00	0.09	0.03	0.10	22.00	98.88
3.00	40.00	4.12	250.00	800.00	0.09	0.03	0.10	22.00	93.04
3.00	40.00	4.27	320.00	1000.00	0.07	0.03	0.10	22.00	96.35
3.00	40.00	4.42	150.00	1300.00	0.09	0.03	0.10	22.00	99.77
3.00	40.00	4.17	210.00	1500.00	0.09	0.03	0.10	22.00	94.09
3.00	40.00	4.40	180.00	900.00	0.11	0.03	0.10	22.00	99.34
3.00	40.00	4.40	120.00	640.00	0.09	0.03	0.10	22.00	99.38
3.00	40.00	4.29	170.00	900.00	0.09	0.03	0.10	22.00	96.82
3.00	40.00	4.09	120.00	600.00	0.09	0.03	0.10	22.00	92.33
3.00	40.00	4.41	120.00	700.00	0.07	0.03	0.10	22.00	99.53
3.00	40.00	4.42	230.00	1200.00	0.07	0.03	0.10	22.00	99.72
3.00	40.00	4.38	220.00	800.00	0.09	0.03	0.10	22.00	98.84
3.00	40.00	4.13	250.00	800.00	0.09	0.03	0.10	22.00	93.19
3.00	40.00	4.28	320.00	1000.00	0.07	0.03	0.10	22.00	96.50
3.00	40.00	4.35	280.00	1200.00	0.08	0.03	0.10	1.00	98.30
3.00	26.20	3.54	46.00	325.00	0.10	0.03	0.05	16.99	79.97
3.00	26.20	3.78	35.00	250.00	0.08	0.03	0.05	16.99	85.44
3.00	26.20	4.20	43.00	100.00	0.08	0.03	0.05	16.99	94.71
3.00	26.20	3.99	39.00	325.00	0.06	0.03	0.05	16.99	90.09
3.00	26.20	3.30	39.00	325.00	0.10	0.03	0.05	16.99	74.57
3.00	26.20	4.30	46.00	175.00	0.06	0.03	0.05	16.99	97.06
3.00	26.20	4.24	46.00	325.00	0.06	0.03	0.05	16.99	95.61
3.00	26.20	4.31	39.00	175.00	0.06	0.03	0.05	16.99	97.37
3.00	26.20	4.09	43.00	250.00	0.08	0.03	0.05	16.99	92.35
3.00	26.20	3.41	43.00	400.00	0.08	0.03	0.05	16.99	76.91
3.00	26.20	4.26	50.00	250.00	0.08	0.03	0.05	16.99	96.14
3.00	26.20	4.08	43.00	250.00	0.08	0.03	0.05	16.99	92.20
3.00	26.20	3.47	43.00	250.00	0.12	0.03	0.05	16.99	78.30
3.00	26.20	4.16	39.00	175.00	0.10	0.03	0.05	16.99	93.82
3.00	26.20	4.30	46.00	175.00	0.10	0.03	0.05	16.99	96.99
3.00	26.20	4.09	43.00	250.00	0.08	0.03	0.05	16.99	92.23
3.00	26.20	4.27	43.00	250.00	0.04	0.03	0.05	16.99	96.43
3.00	68.00	4.43	400.00	40.00	0.50	0.20	0.20	24.92	99.99
3.00	68.00	4.43	400.00	40.00	0.60	0.20	0.20	24.92	99.99
3.00	68.00	4.43	400.00	40.00	0.70	0.20	0.20	24.92	99.97
3.00	68.00	4.43	400.00	40.00	0.80	0.20	0.20	24.92	99.90
3.00	68.00	4.43	400.00	60.00	0.40	0.20	0.20	24.92	99.98
3.00	68.00	4.43	400.00	60.00	0.50	0.20	0.20	24.92	99.99
3.00	68.00	4.43	400.00	60.00	0.60	0.20	0.20	24.92	99.98
3.00	68.00	4.43	400.00	60.00	0.70	0.20	0.20	24.92	99.93
3.00	68.00	4.43	400.00	80.00	0.30	0.20	0.20	24.92	99.99
3.00	68.00	4.42	400.00	80.00	0.40	0.20	0.20	24.92	99.81
3.00	68.00	4.42	400.00	80.00	0.50	0.20	0.20	24.92	99.78
3.00	68.00	4.42	400.00	80.00	0.60	0.20	0.20	24.92	99.73
3.00	68.00	4.43	400.00	100.00	0.20	0.20	0.20	24.92	99.94
3.00	68.00	4.42	400.00	100.00	0.30	0.20	0.20	24.92	99.88
3.00	68.00	4.38	400.00	100.00	0.40	0.20	0.20	24.92	98.95
3.00	68.00	4.29	400.00	100.00	0.50	0.20	0.20	24.92	96.89
3.00	31.06	4.22	280.00	2800.00	0.05	0.03	0.10	9.00	95.25
3.00	31.06	4.29	280.00	3000.00	0.06	0.03	0.10	9.00	96.89
3.00	31.06	3.97	280.00	3200.00	0.07	0.03	0.10	9.00	89.55
3.00	31.06	4.11	300.00	2800.00	0.05	0.03	0.10	9.00	92.86
3.00	31.06	4.37	300.00	3000.00	0.06	0.03	0.10	9.00	98.55
3.00	31.06	4.02	300.00	3200.00	0.07	0.03	0.10	9.00	90.78
3.00	31.06	4.01	320.00	2800.00	0.05	0.03	0.10	9.00	90.42
3.00	31.06	4.42	320.00	3000.00	0.06	0.03	0.10	9.00	99.69
3.00	31.06	4.12	320.00	3200.00	0.07	0.03	0.10	9.00	93.02
3.00	31.06	4.40	200.00	800.00	0.07	0.04	0.08	9.00	99.39
3.00	31.06	4.42	250.00	1000.00	0.10	0.04	0.08	9.00	99.73
3.00	31.06	4.35	300.00	1200.00	0.13	0.04	0.08	9.00	98.14
3.00	31.06	4.34	200.00	1000.00	0.13	0.04	0.08	9.00	98.07
3.00	31.06	4.40	250.00	1200.00	0.07	0.04	0.08	9.00	99.32
3.00	31.06	4.39	300.00	800.00	0.10	0.04	0.08	9.00	99.12
3.00	31.06	4.34	200.00	1200.00	0.10	0.04	0.08	9.00	97.87
3.00	31.06	4.34	250.00	800.00	0.13	0.04	0.08	9.00	97.91
3.00	31.06	4.41	300.00	1000.00	0.07	0.04	0.08	9.00	99.50
3.00	34.00	4.41	150.00	1300.00	0.09	0.03	0.10	6.00	99.65
3.00	34.00	4.39	180.00	900.00	0.11	0.03	0.10	6.00	99.04
3.00	34.00	4.41	120.00	700.00	0.07	0.03	0.10	6.00	99.54
3.00	34.00	4.41	230.00	1200.00	0.07	0.03	0.10	6.00	99.57
3.00	34.00	4.38	220.00	800.00	0.09	0.03	0.10	6.00	98.86
3.00	34.00	4.41	120.00	640.00	0.09	0.03	0.10	6.00	99.54
3.00	22.50	4.37	75.00	1000.00	0.08	0.03	0.11	7.00	98.72
3.00	22.50	4.40	75.00	800.00	0.08	0.03	0.11	7.00	99.39
3.00	22.50	4.41	75.00	600.00	0.08	0.03	0.11	7.00	99.46
3.00	22.50	4.40	75.00	400.00	0.08	0.03	0.11	7.00	99.30
3.00	22.50	4.35	75.00	300.00	0.08	0.03	0.11	7.00	98.32
3.00	22.50	4.31	75.00	200.00	0.08	0.03	0.11	7.00	97.32
3.00	22.50	4.30	75.00	150.00	0.08	0.03	0.11	7.00	97.07
3.00	42.00	4.28	175.00	200.00	0.10	0.03	0.09	13.00	96.70
3.00	42.00	4.40	175.00	400.00	0.10	0.03	0.09	13.00	99.40
3.00	42.00	4.42	175.00	600.00	0.10	0.03	0.09	13.00	99.83
3.00	42.00	4.42	175.00	800.00	0.10	0.03	0.09	13.00	99.74
3.00	42.00	4.41	175.00	1000.00	0.10	0.03	0.09	13.00	99.45
3.00	42.00	4.42	175.00	600.00	0.04	0.03	0.09	13.00	99.80
3.00	42.00	4.42	175.00	600.00	0.07	0.03	0.09	13.00	99.88
3.00	42.00	4.42	175.00	600.00	0.10	0.03	0.09	13.00	99.86
3.00	42.00	4.42	175.00	600.00	0.13	0.03	0.09	13.00	99.85
3.00	42.00	4.39	100.00	600.00	0.10	0.03	0.09	13.00	99.10
3.00	42.00	4.42	130.00	600.00	0.10	0.03	0.09	13.00	99.88
3.00	42.00	4.42	160.00	600.00	0.10	0.03	0.09	13.00	99.88
3.00	42.00	4.42	190.00	600.00	0.10	0.03	0.09	13.00	99.86
4.00	28.85	0.00	160.00	650.00	0.05	0.03	0.07	16.00	94.65
4.00	28.85	0.00	160.00	750.00	0.06	0.03	0.07	16.00	95.43
4.00	28.85	0.00	160.00	850.00	0.07	0.03	0.07	16.00	98.09
4.00	28.85	0.00	160.00	950.00	0.08	0.03	0.07	16.00	98.22
4.00	28.85	0.00	200.00	650.00	0.06	0.03	0.07	16.00	96.84
4.00	28.85	0.00	200.00	750.00	0.05	0.03	0.07	16.00	98.89
4.00	28.85	0.00	200.00	850.00	0.08	0.03	0.07	16.00	98.44
4.00	28.85	0.00	200.00	950.00	0.07	0.03	0.07	16.00	97.00
4.00	28.85	0.00	240.00	650.00	0.07	0.03	0.07	16.00	98.31
4.00	28.85	0.00	240.00	750.00	0.08	0.03	0.07	16.00	98.54
4.00	28.85	0.00	240.00	850.00	0.06	0.03	0.07	16.00	98.23
4.00	28.85	0.00	240.00	950.00	0.05	0.03	0.07	16.00	98.52
4.00	28.85	0.00	280.00	650.00	0.08	0.03	0.07	16.00	96.90
4.00	28.85	0.00	280.00	750.00	0.07	0.03	0.07	16.00	98.79
4.00	28.85	0.00	280.00	850.00	0.06	0.03	0.07	16.00	98.97
4.00	28.85	0.00	280.00	950.00	0.05	0.03	0.07	16.00	97.76
4.00	30.30	0.00	465.00	300.00	0.06	0.03	0.06	15.90	98.43
4.00	30.30	0.00	465.00	350.00	0.07	0.03	0.06	15.90	97.79
4.00	30.30	0.00	465.00	400.00	0.08	0.03	0.06	15.90	98.03
4.00	30.30	0.00	465.00	450.00	0.09	0.03	0.06	15.90	98.09
4.00	30.30	0.00	475.00	300.00	0.07	0.03	0.06	15.90	97.68
4.00	30.30	0.00	475.00	350.00	0.08	0.03	0.06	15.90	97.58
4.00	30.30	0.00	475.00	400.00	0.09	0.03	0.06	15.90	98.09
4.00	30.30	0.00	475.00	450.00	0.06	0.03	0.06	15.90	98.69
4.00	30.30	0.00	485.00	300.00	0.08	0.03	0.06	15.90	98.22
4.00	30.30	0.00	485.00	350.00	0.09	0.03	0.06	15.90	97.88
4.00	30.30	0.00	485.00	400.00	0.06	0.03	0.06	15.90	97.72
4.00	30.30	0.00	485.00	450.00	0.07	0.03	0.06	15.90	97.42
4.00	30.30	0.00	495.00	300.00	0.09	0.03	0.06	15.90	97.53
4.00	30.30	0.00	495.00	350.00	0.06	0.03	0.06	15.90	98.27
4.00	30.30	0.00	495.00	400.00	0.07	0.03	0.06	15.90	96.55
4.00	30.30	0.00	495.00	450.00	0.08	0.03	0.06	15.90	96.54
4.00	25.00	0.00	400.00	300.00	0.08	0.03	0.30	3.00	99.15
4.00	25.00	0.00	400.00	500.00	0.10	0.03	0.30	3.00	98.62
4.00	25.00	0.00	400.00	700.00	0.12	0.03	0.30	3.00	98.83
4.00	27.00	0.00	410.00	480.00	0.07	0.03	0.09	20.00	99.08
4.00	27.00	0.00	440.00	480.00	0.07	0.03	0.09	20.00	99.15
4.00	27.00	0.00	410.00	720.00	0.07	0.03	0.09	20.00	99.14
4.00	27.00	0.00	440.00	720.00	0.07	0.03	0.09	20.00	99.17
4.00	27.00	0.00	410.00	480.00	0.11	0.03	0.09	20.00	99.12
4.00	27.00	0.00	440.00	480.00	0.11	0.03	0.09	20.00	99.14
4.00	27.00	0.00	410.00	720.00	0.11	0.03	0.09	20.00	99.14
4.00	27.00	0.00	440.00	720.00	0.11	0.03	0.09	20.00	99.18
4.00	27.00	0.00	400.00	600.00	0.09	0.03	0.09	20.00	99.21
4.00	27.00	0.00	450.00	600.00	0.09	0.03	0.09	20.00	99.25
4.00	27.00	0.00	425.00	400.00	0.09	0.03	0.09	20.00	99.09
4.00	27.00	0.00	425.00	800.00	0.09	0.03	0.09	20.00	99.21
4.00	27.00	0.00	425.00	600.00	0.06	0.03	0.09	20.00	99.17
4.00	27.00	0.00	425.00	600.00	0.12	0.03	0.09	20.00	99.16
4.00	27.00	0.00	425.00	600.00	0.09	0.03	0.09	20.00	99.23
4.00	27.00	0.00	425.00	600.00	0.09	0.03	0.09	20.00	99.18
4.00	27.00	0.00	425.00	600.00	0.09	0.03	0.09	20.00	99.13
4.00	27.00	0.00	425.00	600.00	0.09	0.03	0.09	20.00	99.15
4.00	27.00	0.00	425.00	600.00	0.09	0.03	0.09	20.00	99.14
4.00	27.00	0.00	425.00	600.00	0.09	0.03	0.09	20.00	99.18
4.00	27.00	0.00	290.00	442.00	0.14	0.03	0.08	20.00	94.81
4.00	27.00	0.00	290.00	442.00	0.20	0.03	0.08	20.00	92.86
4.00	27.00	0.00	290.00	858.00	0.14	0.03	0.08	20.00	94.95
4.00	27.00	0.00	290.00	858.00	0.20	0.03	0.08	20.00	91.29
4.00	27.00	0.00	350.00	441.00	0.14	0.03	0.08	20.00	98.95
4.00	27.00	0.00	350.00	441.00	0.20	0.03	0.08	20.00	97.99
4.00	27.00	0.00	350.00	858.00	0.14	0.03	0.08	20.00	98.44
4.00	27.00	0.00	350.00	858.00	0.20	0.03	0.08	20.00	96.27
4.00	27.00	0.00	320.00	650.00	0.12	0.03	0.08	20.00	98.04
4.00	27.00	0.00	320.00	650.00	0.22	0.03	0.08	20.00	95.47
4.00	27.00	0.00	320.00	300.00	0.17	0.03	0.08	20.00	95.47
4.00	27.00	0.00	320.00	1000.00	0.17	0.03	0.08	20.00	93.83
4.00	27.00	0.00	270.00	650.00	0.17	0.03	0.08	20.00	92.36
4.00	27.00	0.00	370.00	650.00	0.17	0.03	0.08	20.00	99.14
4.00	27.00	0.00	320.00	650.00	0.17	0.03	0.08	20.00	97.00
4.00	27.00	0.00	320.00	650.00	0.17	0.03	0.08	20.00	96.60
4.00	27.00	0.00	320.00	650.00	0.17	0.03	0.08	20.00	96.39
4.00	27.00	0.00	320.00	650.00	0.17	0.03	0.08	20.00	96.72
4.00	27.00	0.00	320.00	650.00	0.17	0.03	0.08	20.00	96.45
4.00	27.00	0.00	320.00	650.00	0.17	0.03	0.08	20.00	96.10
4.00	30.27	0.00	350.00	250.00	0.08	0.03	0.10	16.00	95.87
4.00	30.27	0.00	350.00	300.00	0.09	0.03	0.10	16.00	95.64
4.00	30.27	0.00	350.00	350.00	0.10	0.03	0.10	16.00	95.53
4.00	30.27	0.00	350.00	400.00	0.11	0.03	0.10	16.00	95.64
4.00	30.27	0.00	375.00	250.00	0.09	0.03	0.10	16.00	96.54
4.00	30.27	0.00	375.00	300.00	0.08	0.03	0.10	16.00	96.42
4.00	30.27	0.00	375.00	350.00	0.11	0.03	0.10	16.00	96.09
4.00	30.27	0.00	375.00	400.00	0.10	0.03	0.10	16.00	96.42
4.00	30.27	0.00	400.00	250.00	0.10	0.03	0.10	16.00	97.43
4.00	30.27	0.00	400.00	300.00	0.11	0.03	0.10	16.00	96.76
4.00	30.27	0.00	400.00	350.00	0.08	0.03	0.10	16.00	97.09
4.00	30.27	0.00	400.00	400.00	0.09	0.03	0.10	16.00	97.09
4.00	30.27	0.00	425.00	250.00	0.11	0.03	0.10	16.00	97.42
4.00	30.27	0.00	425.00	300.00	0.10	0.03	0.10	16.00	97.65
4.00	30.27	0.00	425.00	350.00	0.09	0.03	0.10	16.00	97.64
4.00	30.27	0.00	425.00	400.00	0.08	0.03	0.10	16.00	96.64
4.00	34.00	0.00	400.00	400.16	0.07	0.03	0.07	4.00	89.30
4.00	34.00	0.00	400.00	249.83	0.09	0.03	0.07	4.00	92.40
4.00	34.00	0.00	400.00	199.93	0.09	0.03	0.07	4.00	99.50
4.00	34.00	0.00	350.00	100.02	0.09	0.03	0.07	4.00	95.40
4.00	32.50	0.00	600.00	1000.00	0.12	0.05	0.15	1.00	98.75
4.00	27.60	0.00	320.00	500.00	0.09	0.03	0.08	24.00	99.13
4.00	27.60	0.00	320.00	600.00	0.09	0.03	0.08	24.00	98.91
4.00	27.60	0.00	320.00	700.00	0.09	0.03	0.08	24.00	99.00
4.00	27.60	0.00	320.00	800.00	0.09	0.03	0.08	24.00	98.92
4.00	27.60	0.00	320.00	900.00	0.09	0.03	0.08	24.00	98.65
4.00	27.60	0.00	320.00	1000.00	0.09	0.03	0.08	24.00	98.49
4.00	27.60	0.00	340.00	500.00	0.09	0.03	0.08	24.00	99.01
4.00	27.60	0.00	340.00	600.00	0.09	0.03	0.08	24.00	99.16
4.00	27.60	0.00	340.00	700.00	0.09	0.03	0.08	24.00	99.09
4.00	27.60	0.00	340.00	800.00	0.09	0.03	0.08	24.00	98.86
4.00	27.60	0.00	340.00	900.00	0.09	0.03	0.08	24.00	98.89
4.00	27.60	0.00	340.00	1000.00	0.09	0.03	0.08	24.00	98.67
4.00	27.60	0.00	355.00	500.00	0.09	0.03	0.08	24.00	99.21
4.00	27.60	0.00	355.00	600.00	0.09	0.03	0.08	24.00	98.98
4.00	27.60	0.00	355.00	700.00	0.09	0.03	0.08	24.00	99.12
4.00	27.60	0.00	355.00	800.00	0.09	0.03	0.08	24.00	98.98
4.00	27.60	0.00	355.00	900.00	0.09	0.03	0.08	24.00	99.00
4.00	27.60	0.00	355.00	1000.00	0.09	0.03	0.08	24.00	98.70
4.00	27.60	0.00	370.00	500.00	0.09	0.03	0.08	24.00	99.21
4.00	27.60	0.00	370.00	600.00	0.09	0.03	0.08	24.00	99.13
4.00	27.60	0.00	370.00	700.00	0.09	0.03	0.08	24.00	99.08
4.00	27.60	0.00	370.00	800.00	0.09	0.03	0.08	24.00	99.26
4.00	27.60	0.00	370.00	900.00	0.09	0.03	0.08	24.00	99.10
4.00	27.60	0.00	370.00	1000.00	0.09	0.03	0.08	24.00	98.79
4.00	30.27	0.00	380.00	700.00	0.06	0.03	0.07	16.00	88.25
4.00	30.27	0.00	380.00	800.00	0.06	0.03	0.07	16.00	86.15
4.00	30.27	0.00	380.00	900.00	0.06	0.03	0.07	16.00	83.80
4.00	30.27	0.00	380.00	1000.00	0.06	0.03	0.07	16.00	81.66
4.00	30.27	0.00	400.00	900.00	0.05	0.03	0.07	16.00	85.49
4.00	30.27	0.00	400.00	900.00	0.06	0.03	0.07	16.00	85.95
4.00	30.27	0.00	400.00	900.00	0.07	0.03	0.07	16.00	85.26
4.00	30.27	0.00	400.00	900.00	0.08	0.03	0.07	16.00	84.47
4.00	30.27	0.00	440.00	900.00	0.05	0.03	0.07	16.00	87.63
4.00	30.27	0.00	440.00	900.00	0.06	0.03	0.07	16.00	87.93
4.00	30.27	0.00	440.00	900.00	0.07	0.03	0.07	16.00	84.92
4.00	30.27	0.00	440.00	900.00	0.08	0.03	0.07	16.00	84.03
4.00	30.27	0.00	460.00	700.00	0.06	0.03	0.07	16.00	90.50
4.00	30.27	0.00	460.00	800.00	0.06	0.03	0.07	16.00	89.81
4.00	30.27	0.00	460.00	900.00	0.06	0.03	0.07	16.00	88.83
4.00	30.27	0.00	460.00	1000.00	0.06	0.03	0.07	16.00	81.87
4.00	33.80	0.00	600.00	600.00	0.11	0.08	0.08	2.00	97.80
4.00	33.80	0.00	600.00	600.00	0.11	0.08	0.08	2.00	97.70
5.00	40.00	0.00	625.00	1400.00	0.35	0.06	0.10	28.00	95.67
5.00	40.00	0.00	950.00	1400.00	0.35	0.06	0.10	28.00	99.15
5.00	40.00	0.00	788.00	2300.00	0.35	0.06	0.10	28.00	94.33
5.00	40.00	0.00	463.00	2300.00	0.35	0.06	0.10	28.00	93.20
5.00	40.00	0.00	300.00	1400.00	0.35	0.06	0.10	28.00	93.94
5.00	40.00	0.00	463.00	500.00	0.35	0.06	0.10	28.00	99.57
5.00	40.00	0.00	788.00	500.00	0.35	0.06	0.10	28.00	96.29
5.00	40.00	0.00	788.00	1700.00	0.40	0.06	0.10	28.00	94.67
5.00	40.00	0.00	463.00	1700.00	0.40	0.06	0.10	28.00	94.25
5.00	40.00	0.00	625.00	800.00	0.40	0.06	0.10	28.00	99.16
5.00	40.00	0.00	788.00	1099.00	0.30	0.06	0.10	28.00	99.77
5.00	40.00	0.00	463.00	1099.00	0.30	0.06	0.10	28.00	95.78
5.00	40.00	0.00	625.00	2000.00	0.30	0.06	0.10	28.00	94.83
5.00	40.00	0.00	300.00	800.00	0.30	0.06	0.10	28.00	94.68
5.00	40.00	0.00	625.00	1400.00	0.35	0.06	0.10	28.00	90.90
5.00	40.00	0.00	950.00	1400.00	0.35	0.06	0.10	28.00	98.68
5.00	40.00	0.00	788.00	2300.00	0.35	0.06	0.10	28.00	80.21
5.00	40.00	0.00	463.00	2300.00	0.35	0.06	0.10	28.00	52.06
5.00	40.00	0.00	300.00	1400.00	0.35	0.06	0.10	28.00	60.51
5.00	40.00	0.00	463.00	500.00	0.35	0.06	0.10	28.00	98.60
5.00	40.00	0.00	788.00	500.00	0.35	0.06	0.10	28.00	93.86
5.00	40.00	0.00	788.00	1700.00	0.40	0.06	0.10	28.00	85.02
5.00	40.00	0.00	463.00	1700.00	0.40	0.06	0.10	28.00	71.78
5.00	40.00	0.00	625.00	800.00	0.40	0.06	0.10	28.00	98.93
5.00	40.00	0.00	788.00	1099.00	0.30	0.06	0.10	28.00	99.51
5.00	40.00	0.00	463.00	1099.00	0.30	0.06	0.10	28.00	94.72
5.00	40.00	0.00	625.00	2000.00	0.30	0.06	0.10	28.00	85.58
5.00	40.00	0.00	300.00	800.00	0.30	0.06	0.10	28.00	87.24
5.00	30.00	0.00	170.00	800.00	0.11	0.03	0.15	23.00	99.08
5.00	30.00	0.00	170.00	1000.00	0.11	0.03	0.15	23.00	99.30
5.00	30.00	0.00	170.00	1200.00	0.11	0.03	0.15	23.00	99.08
5.00	30.00	0.00	170.00	1400.00	0.11	0.03	0.15	23.00	98.55
5.00	30.00	0.00	170.00	1600.00	0.11	0.03	0.15	23.00	97.75
5.00	30.00	0.00	180.00	900.00	0.11	0.03	0.15	23.00	99.02
5.00	30.00	0.00	180.00	1100.00	0.11	0.03	0.15	23.00	99.20
5.00	30.00	0.00	180.00	1400.00	0.11	0.03	0.15	23.00	98.85
5.00	30.00	0.00	180.00	1500.00	0.11	0.03	0.15	23.00	98.65
5.00	30.00	0.00	190.00	800.00	0.11	0.03	0.15	23.00	98.40
5.00	30.00	0.00	190.00	1000.00	0.11	0.03	0.15	23.00	98.80
5.00	30.00	0.00	190.00	1200.00	0.11	0.03	0.15	23.00	99.15
5.00	30.00	0.00	190.00	1400.00	0.11	0.03	0.15	23.00	99.10
5.00	30.00	0.00	190.00	1600.00	0.11	0.03	0.15	23.00	98.85
5.00	30.00	0.00	200.00	800.00	0.11	0.03	0.15	23.00	98.53
5.00	30.00	0.00	200.00	900.00	0.11	0.03	0.15	23.00	98.75
5.00	30.00	0.00	200.00	1000.00	0.11	0.03	0.15	23.00	98.90
5.00	30.00	0.00	200.00	1100.00	0.11	0.03	0.15	23.00	98.90
5.00	30.00	0.00	200.00	1200.00	0.11	0.03	0.15	23.00	99.11
5.00	30.00	0.00	200.00	1300.00	0.11	0.03	0.15	23.00	99.15
5.00	30.00	0.00	200.00	1400.00	0.11	0.03	0.15	23.00	99.35
5.00	30.00	0.00	200.00	1500.00	0.11	0.03	0.15	23.00	99.30
5.00	30.00	0.00	200.00	1600.00	0.11	0.03	0.15	23.00	99.10
5.00	45.00	0.00	200.00	571.43	0.08	0.03	0.08	2.00	97.00
5.00	45.00	0.00	200.00	571.43	0.08	0.03	0.08	2.00	99.30
5.00	41.50	0.00	250.00	1100.00	0.07	0.03	0.08	26.99	98.13
5.00	41.50	0.00	250.00	1100.00	0.10	0.03	0.08	26.99	98.58
5.00	41.50	0.00	250.00	1100.00	0.13	0.03	0.08	26.99	99.33
5.00	41.50	0.00	250.00	1600.00	0.07	0.03	0.08	26.99	99.22
5.00	41.50	0.00	250.00	1600.00	0.10	0.03	0.08	26.99	99.85
5.00	41.50	0.00	250.00	1600.00	0.13	0.03	0.08	26.99	99.37
5.00	41.50	0.00	250.00	2100.00	0.07	0.03	0.08	26.99	99.59
5.00	41.50	0.00	250.00	2100.00	0.10	0.03	0.08	26.99	99.07
5.00	41.50	0.00	250.00	2100.00	0.13	0.03	0.08	26.99	98.66
5.00	41.50	0.00	300.00	1100.00	0.07	0.03	0.08	26.99	98.10
5.00	41.50	0.00	300.00	1100.00	0.10	0.03	0.08	26.99	98.99
5.00	41.50	0.00	300.00	1100.00	0.13	0.03	0.08	26.99	98.32
5.00	41.50	0.00	300.00	1600.00	0.07	0.03	0.08	26.99	98.84
5.00	41.50	0.00	300.00	1600.00	0.10	0.03	0.08	26.99	99.44
5.00	41.50	0.00	300.00	1600.00	0.13	0.03	0.08	26.99	99.29
5.00	41.50	0.00	300.00	2100.00	0.07	0.03	0.08	26.99	99.18
5.00	41.50	0.00	300.00	2100.00	0.10	0.03	0.08	26.99	99.55
5.00	41.50	0.00	300.00	2100.00	0.13	0.03	0.08	26.99	98.69
5.00	41.50	0.00	350.00	1100.00	0.07	0.03	0.08	26.99	96.68
5.00	41.50	0.00	350.00	1100.00	0.10	0.03	0.08	26.99	96.08
5.00	41.50	0.00	350.00	1100.00	0.13	0.03	0.08	26.99	97.28
5.00	41.50	0.00	350.00	1600.00	0.07	0.03	0.08	26.99	98.81
5.00	41.50	0.00	350.00	1600.00	0.10	0.03	0.08	26.99	98.88
5.00	41.50	0.00	350.00	1600.00	0.13	0.03	0.08	26.99	99.29
5.00	41.50	0.00	350.00	2100.00	0.07	0.03	0.08	26.99	99.14
5.00	41.50	0.00	350.00	2100.00	0.10	0.03	0.08	26.99	99.40
5.00	41.50	0.00	350.00	2100.00	0.13	0.03	0.08	26.99	99.37
5.00	25.60	0.00	300.00	1200.00	0.15	0.03	0.10	1.00	99.96
5.00	41.50	0.00	300.00	1000.00	0.15	0.05	0.09	18.00	99.20
5.00	41.50	0.00	300.00	1500.00	0.15	0.05	0.09	18.00	96.20
5.00	41.50	0.00	300.00	2000.00	0.15	0.05	0.09	18.00	85.40
5.00	41.50	0.00	400.00	1000.00	0.15	0.05	0.09	18.00	99.70
5.00	41.50	0.00	400.00	1500.00	0.15	0.05	0.09	18.00	99.30
5.00	41.50	0.00	400.00	2000.00	0.15	0.05	0.09	18.00	97.00
5.00	41.50	0.00	500.00	1000.00	0.15	0.05	0.09	18.00	99.30
5.00	41.50	0.00	500.00	1500.00	0.15	0.05	0.09	18.00	99.70
5.00	41.50	0.00	500.00	2000.00	0.15	0.05	0.09	18.00	99.70
5.00	41.50	0.00	600.00	1000.00	0.15	0.05	0.09	18.00	99.20
5.00	41.50	0.00	600.00	1500.00	0.15	0.05	0.09	18.00	99.60
5.00	41.50	0.00	600.00	2000.00	0.15	0.05	0.09	18.00	99.80
5.00	41.50	0.00	700.00	1000.00	0.15	0.05	0.09	18.00	99.30
5.00	41.50	0.00	700.00	1500.00	0.15	0.05	0.09	18.00	99.40
5.00	41.50	0.00	700.00	2000.00	0.15	0.05	0.09	18.00	99.60
5.00	41.50	0.00	800.00	1000.00	0.15	0.05	0.09	18.00	99.50
5.00	41.50	0.00	800.00	1500.00	0.15	0.05	0.09	18.00	99.80
5.00	41.50	0.00	800.00	2000.00	0.15	0.05	0.09	18.00	99.70
5.00	41.50	0.00	350.00	1150.00	0.17	0.05	0.10	3.00	98.63
5.00	41.50	0.00	350.00	1150.00	0.17	0.05	0.10	3.00	98.72
5.00	41.50	0.00	350.00	1150.00	0.17	0.05	0.10	3.00	98.69
5.00	41.00	0.00	150.00	1200.00	0.13	0.03	0.07	64.94	94.40
5.00	41.00	0.00	200.00	1200.00	0.13	0.03	0.07	64.94	97.30
5.00	41.00	0.00	250.00	1200.00	0.13	0.03	0.07	64.94	97.20
5.00	41.00	0.00	300.00	1200.00	0.13	0.03	0.07	64.94	97.60
5.00	41.00	0.00	350.00	1200.00	0.13	0.03	0.07	64.94	96.80
5.00	41.00	0.00	150.00	1200.00	0.13	0.03	0.07	64.94	94.50
5.00	41.00	0.00	200.00	1200.00	0.13	0.03	0.07	64.94	97.40
5.00	41.00	0.00	250.00	1200.00	0.13	0.03	0.07	64.94	97.30
5.00	41.00	0.00	300.00	1200.00	0.13	0.03	0.07	64.94	97.70
5.00	41.00	0.00	350.00	1200.00	0.13	0.03	0.07	64.94	96.90
5.00	41.00	0.00	250.00	1200.00	0.09	0.03	0.07	64.94	97.10
5.00	41.00	0.00	250.00	1200.00	0.11	0.03	0.07	64.94	98.40
5.00	41.00	0.00	250.00	1200.00	0.13	0.03	0.07	64.94	97.80
5.00	41.00	0.00	250.00	1200.00	0.15	0.03	0.07	64.94	98.60
5.00	41.00	0.00	250.00	1200.00	0.17	0.03	0.07	64.94	98.10
5.00	41.00	0.00	250.00	1200.00	0.09	0.03	0.07	64.94	97.50
5.00	41.00	0.00	250.00	1200.00	0.11	0.03	0.07	64.94	98.40
5.00	41.00	0.00	250.00	1200.00	0.13	0.03	0.07	64.94	98.30
5.00	41.00	0.00	250.00	1200.00	0.15	0.03	0.07	64.94	97.80
5.00	41.00	0.00	250.00	1200.00	0.17	0.03	0.07	64.94	97.90
5.00	41.00	0.00	250.00	100.00	0.13	0.03	0.07	64.94	92.90
5.00	41.00	0.00	250.00	200.00	0.13	0.03	0.07	64.94	93.00
5.00	41.00	0.00	250.00	300.00	0.13	0.03	0.07	64.94	93.70
5.00	41.00	0.00	250.00	400.00	0.13	0.03	0.07	64.94	93.30
5.00	41.00	0.00	250.00	600.00	0.13	0.03	0.07	64.94	93.30
5.00	41.00	0.00	250.00	800.00	0.13	0.03	0.07	64.94	97.30
5.00	41.00	0.00	250.00	1000.00	0.13	0.03	0.07	64.94	98.80
5.00	41.00	0.00	250.00	1200.00	0.13	0.03	0.07	64.94	98.20
5.00	41.00	0.00	250.00	1400.00	0.13	0.03	0.07	64.94	99.40
5.00	41.00	0.00	250.00	1600.00	0.13	0.03	0.07	64.94	99.10
5.00	41.00	0.00	250.00	1800.00	0.13	0.03	0.07	64.94	98.30
5.00	41.00	0.00	250.00	2000.00	0.13	0.03	0.07	64.94	97.80
5.00	41.00	0.00	250.00	2200.00	0.13	0.03	0.07	64.94	98.00
5.00	41.00	0.00	250.00	2400.00	0.13	0.03	0.07	64.94	96.50
5.00	41.00	0.00	250.00	2600.00	0.13	0.03	0.07	64.94	95.60
5.00	41.00	0.00	250.00	2800.00	0.13	0.03	0.07	64.94	93.70
5.00	41.00	0.00	250.00	3000.00	0.13	0.03	0.07	64.94	92.40
5.00	41.00	0.00	250.00	3200.00	0.13	0.03	0.07	64.94	91.00
5.00	41.00	0.00	250.00	3400.00	0.13	0.03	0.07	64.94	88.20
5.00	41.00	0.00	250.00	3600.00	0.13	0.03	0.07	64.94	89.80
5.00	41.00	0.00	250.00	4200.00	0.13	0.03	0.07	64.94	87.80
5.00	41.00	0.00	250.00	5000.00	0.13	0.03	0.07	64.94	84.80
5.00	41.00	0.00	250.00	10000.00	0.13	0.03	0.07	64.94	76.80
5.00	41.00	0.00	250.00	400.00	0.13	0.06	0.07	64.94	94.50
5.00	41.00	0.00	250.00	500.00	0.13	0.06	0.07	64.94	95.20
5.00	41.00	0.00	250.00	600.00	0.13	0.06	0.07	64.94	96.70
5.00	41.00	0.00	250.00	700.00	0.13	0.06	0.07	64.94	95.80
5.00	41.00	0.00	250.00	800.00	0.13	0.06	0.07	64.94	98.10
5.00	41.00	0.00	250.00	900.00	0.13	0.06	0.07	64.94	99.20
5.00	41.00	0.00	250.00	1000.00	0.13	0.06	0.07	64.94	99.30
5.00	41.00	0.00	250.00	1100.00	0.13	0.06	0.07	64.94	99.50
5.00	41.00	0.00	250.00	1200.00	0.13	0.06	0.07	64.94	99.50
5.00	41.00	0.00	250.00	1400.00	0.13	0.06	0.07	64.94	98.50
5.00	41.00	0.00	250.00	1600.00	0.13	0.06	0.07	64.94	96.90
5.00	41.00	0.00	250.00	1800.00	0.13	0.06	0.07	64.94	94.50
5.00	41.00	0.00	250.00	250.00	0.13	0.09	0.07	64.94	94.60
5.00	41.00	0.00	250.00	325.00	0.13	0.09	0.07	64.94	95.40
5.00	41.00	0.00	250.00	400.00	0.13	0.09	0.07	64.94	95.70
5.00	41.00	0.00	250.00	475.00	0.13	0.09	0.07	64.94	96.90
5.00	41.00	0.00	250.00	550.00	0.13	0.09	0.07	64.94	97.30
5.00	41.00	0.00	250.00	800.00	0.13	0.09	0.07	64.94	98.30
5.00	41.00	0.00	250.00	1000.00	0.13	0.09	0.07	64.94	98.10
5.00	41.00	0.00	250.00	1400.00	0.13	0.09	0.07	64.94	93.50
5.00	41.00	0.00	250.00	1600.00	0.13	0.09	0.07	64.94	92.80
5.00	41.00	0.00	250.00	1800.00	0.13	0.09	0.07	64.94	86.10
5.00	25.68	0.00	140.00	300.00	0.05	0.03	0.07	74.96	91.84
5.00	25.68	0.00	140.00	400.00	0.05	0.03	0.07	74.96	94.52
5.00	25.68	0.00	140.00	500.00	0.05	0.03	0.07	74.96	95.10
5.00	25.68	0.00	140.00	600.00	0.05	0.03	0.07	74.96	96.55
5.00	25.68	0.00	140.00	700.00	0.05	0.03	0.07	74.96	98.26
5.00	25.68	0.00	140.00	800.00	0.05	0.03	0.07	74.96	99.58
5.00	25.68	0.00	140.00	900.00	0.05	0.03	0.07	74.96	97.70
5.00	25.68	0.00	140.00	1000.00	0.05	0.03	0.07	74.96	96.95
5.00	25.68	0.00	140.00	1100.00	0.05	0.03	0.07	74.96	95.59
5.00	25.68	0.00	140.00	1200.00	0.05	0.03	0.07	74.96	94.41
5.00	25.68	0.00	140.00	1300.00	0.05	0.03	0.07	74.96	93.56
5.00	25.68	0.00	140.00	1400.00	0.05	0.03	0.07	74.96	91.53
5.00	25.68	0.00	140.00	1500.00	0.05	0.03	0.07	74.96	90.43
5.00	25.68	0.00	140.00	1600.00	0.05	0.03	0.07	74.96	89.50
5.00	25.68	0.00	140.00	1700.00	0.05	0.03	0.07	74.96	88.24
5.00	25.68	0.00	150.00	300.00	0.05	0.03	0.07	74.96	90.48
5.00	25.68	0.00	150.00	400.00	0.05	0.03	0.07	74.96	93.43
5.00	25.68	0.00	150.00	500.00	0.05	0.03	0.07	74.96	94.81
5.00	25.68	0.00	150.00	600.00	0.05	0.03	0.07	74.96	95.99
5.00	25.68	0.00	150.00	700.00	0.05	0.03	0.07	74.96	97.94
5.00	25.68	0.00	150.00	800.00	0.05	0.03	0.07	74.96	98.87
5.00	25.68	0.00	150.00	900.00	0.05	0.03	0.07	74.96	99.23
5.00	25.68	0.00	150.00	1000.00	0.05	0.03	0.07	74.96	97.52
5.00	25.68	0.00	150.00	1100.00	0.05	0.03	0.07	74.96	96.05
5.00	25.68	0.00	150.00	1200.00	0.05	0.03	0.07	74.96	95.64
5.00	25.68	0.00	150.00	1300.00	0.05	0.03	0.07	74.96	94.22
5.00	25.68	0.00	150.00	1400.00	0.05	0.03	0.07	74.96	93.16
5.00	25.68	0.00	150.00	1500.00	0.05	0.03	0.07	74.96	91.07
5.00	25.68	0.00	150.00	1600.00	0.05	0.03	0.07	74.96	90.29
5.00	25.68	0.00	150.00	1700.00	0.05	0.03	0.07	74.96	89.97
5.00	25.68	0.00	160.00	300.00	0.05	0.03	0.07	74.96	90.11
5.00	25.68	0.00	160.00	400.00	0.05	0.03	0.07	74.96	92.68
5.00	25.68	0.00	160.00	500.00	0.05	0.03	0.07	74.96	94.31
5.00	25.68	0.00	160.00	600.00	0.05	0.03	0.07	74.96	95.65
5.00	25.68	0.00	160.00	700.00	0.05	0.03	0.07	74.96	97.43
5.00	25.68	0.00	160.00	800.00	0.05	0.03	0.07	74.96	98.27
5.00	25.68	0.00	160.00	900.00	0.05	0.03	0.07	74.96	98.58
5.00	25.68	0.00	160.00	1000.00	0.05	0.03	0.07	74.96	98.83
5.00	25.68	0.00	160.00	1100.00	0.05	0.03	0.07	74.96	97.30
5.00	25.68	0.00	160.00	1200.00	0.05	0.03	0.07	74.96	96.25
5.00	25.68	0.00	160.00	1300.00	0.05	0.03	0.07	74.96	95.05
5.00	25.68	0.00	160.00	1400.00	0.05	0.03	0.07	74.96	94.33
5.00	25.68	0.00	160.00	1500.00	0.05	0.03	0.07	74.96	93.45
5.00	25.68	0.00	160.00	1600.00	0.05	0.03	0.07	74.96	91.66
5.00	25.68	0.00	160.00	1700.00	0.05	0.03	0.07	74.96	90.58
5.00	25.68	0.00	170.00	300.00	0.05	0.03	0.07	74.96	86.34
5.00	25.68	0.00	170.00	400.00	0.05	0.03	0.07	74.96	92.22
5.00	25.68	0.00	170.00	500.00	0.05	0.03	0.07	74.96	93.87
5.00	25.68	0.00	170.00	600.00	0.05	0.03	0.07	74.96	95.38
5.00	25.68	0.00	170.00	700.00	0.05	0.03	0.07	74.96	96.34
5.00	25.68	0.00	170.00	800.00	0.05	0.03	0.07	74.96	97.44
5.00	25.68	0.00	170.00	900.00	0.05	0.03	0.07	74.96	98.88
5.00	25.68	0.00	170.00	1000.00	0.05	0.03	0.07	74.96	99.39
5.00	25.68	0.00	170.00	1100.00	0.05	0.03	0.07	74.96	98.02
5.00	25.68	0.00	170.00	1200.00	0.05	0.03	0.07	74.96	97.08
5.00	25.68	0.00	170.00	1300.00	0.05	0.03	0.07	74.96	96.47
5.00	25.68	0.00	170.00	1400.00	0.05	0.03	0.07	74.96	95.21
5.00	25.68	0.00	170.00	1500.00	0.05	0.03	0.07	74.96	94.25
5.00	25.68	0.00	170.00	1600.00	0.05	0.03	0.07	74.96	93.40
5.00	25.68	0.00	170.00	1700.00	0.05	0.03	0.07	74.96	91.47
5.00	25.68	0.00	180.00	300.00	0.05	0.03	0.07	74.96	85.48
5.00	25.68	0.00	180.00	400.00	0.05	0.03	0.07	74.96	91.63
5.00	25.68	0.00	180.00	500.00	0.05	0.03	0.07	74.96	93.13
5.00	25.68	0.00	180.00	600.00	0.05	0.03	0.07	74.96	95.11
5.00	25.68	0.00	180.00	700.00	0.05	0.03	0.07	74.96	96.10
5.00	25.68	0.00	180.00	800.00	0.05	0.03	0.07	74.96	97.12
5.00	25.68	0.00	180.00	900.00	0.05	0.03	0.07	74.96	98.26
5.00	25.68	0.00	180.00	1000.00	0.05	0.03	0.07	74.96	99.82
5.00	25.68	0.00	180.00	1100.00	0.05	0.03	0.07	74.96	98.56
5.00	25.68	0.00	180.00	1200.00	0.05	0.03	0.07	74.96	97.48
5.00	25.68	0.00	180.00	1300.00	0.05	0.03	0.07	74.96	96.95
5.00	25.68	0.00	180.00	1400.00	0.05	0.03	0.07	74.96	96.66
5.00	25.68	0.00	180.00	1500.00	0.05	0.03	0.07	74.96	95.22
5.00	25.68	0.00	180.00	1600.00	0.05	0.03	0.07	74.96	94.42
5.00	25.68	0.00	180.00	1700.00	0.05	0.03	0.07	74.96	92.73
5.00	31.43	0.00	370.00	1573.00	0.16	0.03	0.07	12.00	99.84
5.00	31.43	0.00	370.00	1511.00	0.16	0.03	0.07	12.00	99.91
5.00	31.43	0.00	370.00	1454.00	0.16	0.03	0.07	12.00	99.92
5.00	31.43	0.00	370.00	1402.00	0.16	0.03	0.07	12.00	99.85
5.00	31.43	0.00	370.00	1352.00	0.16	0.03	0.07	12.00	99.81
5.00	31.43	0.00	370.00	1306.00	0.16	0.03	0.07	12.00	99.73
5.00	31.43	0.00	370.00	1398.00	0.18	0.03	0.07	12.00	99.82
5.00	31.43	0.00	370.00	1344.00	0.18	0.03	0.07	12.00	99.91
5.00	31.43	0.00	370.00	1293.00	0.18	0.03	0.07	12.00	99.89
5.00	31.43	0.00	370.00	1246.00	0.18	0.03	0.07	12.00	99.84
5.00	31.43	0.00	370.00	1202.00	0.18	0.03	0.07	12.00	99.82
5.00	31.43	0.00	370.00	1161.00	0.18	0.03	0.07	12.00	99.74
5.00	35.00	0.00	125.00	1675.00	0.05	0.03	0.15	27.00	83.90
5.00	35.00	0.00	125.00	1675.00	0.10	0.03	0.15	27.00	75.30
5.00	35.00	0.00	125.00	1025.00	0.10	0.03	0.15	27.00	90.60
5.00	35.00	0.00	150.00	1350.00	0.12	0.03	0.15	27.00	89.20
5.00	35.00	0.00	125.00	1675.00	0.10	0.03	0.15	27.00	70.10
5.00	35.00	0.00	150.00	700.00	0.08	0.03	0.15	27.00	89.60
5.00	35.00	0.00	150.00	1350.00	0.08	0.03	0.15	27.00	90.10
5.00	35.00	0.00	125.00	1675.00	0.05	0.03	0.15	27.00	84.60
5.00	35.00	0.00	175.00	1025.00	0.10	0.03	0.15	27.00	98.30
5.00	35.00	0.00	175.00	1675.00	0.10	0.03	0.15	27.00	94.50
5.00	35.00	0.00	125.00	1025.00	0.05	0.03	0.15	27.00	88.20
5.00	35.00	0.00	150.00	1350.00	0.03	0.03	0.15	27.00	89.50
5.00	35.00	0.00	125.00	1025.00	0.05	0.03	0.15	27.00	85.90
5.00	35.00	0.00	150.00	1350.00	0.08	0.03	0.15	27.00	92.50
5.00	35.00	0.00	100.00	1350.00	0.08	0.03	0.15	27.00	79.50
5.00	35.00	0.00	150.00	1350.00	0.08	0.03	0.15	27.00	89.90
5.00	35.00	0.00	175.00	1025.00	0.05	0.03	0.15	27.00	96.50
5.00	35.00	0.00	125.00	1025.00	0.10	0.03	0.15	27.00	90.70
5.00	35.00	0.00	175.00	1675.00	0.05	0.03	0.15	27.00	93.60
5.00	35.00	0.00	175.00	1675.00	0.10	0.03	0.15	27.00	86.90
5.00	35.00	0.00	200.00	1350.00	0.08	0.03	0.15	27.00	99.20
5.00	35.00	0.00	150.00	2000.00	0.08	0.03	0.15	27.00	82.00
5.00	35.00	0.00	175.00	1675.00	0.05	0.03	0.15	27.00	93.20
5.00	35.00	0.00	150.00	1350.00	0.08	0.03	0.15	27.00	94.50
5.00	35.00	0.00	150.00	1350.00	0.08	0.03	0.15	27.00	92.70
5.00	35.00	0.00	175.00	1025.00	0.10	0.03	0.15	27.00	99.20
5.00	35.00	0.00	175.00	1025.00	0.05	0.03	0.15	27.00	97.60
5.00	47.50	0.00	150.00	1000.00	0.05	0.05	0.12	30.00	97.33
5.00	47.50	0.00	150.00	1000.00	0.05	0.05	0.12	30.00	96.81
5.00	47.50	0.00	150.00	1000.00	0.05	0.05	0.12	30.00	96.18
5.00	41.50	0.00	370.00	1700.00	0.11	0.03	0.12	30.00	99.55
5.00	41.50	0.00	370.00	1700.00	0.12	0.03	0.12	30.00	99.26
5.00	41.50	0.00	370.00	1700.00	0.13	0.03	0.12	30.00	99.38
5.00	41.50	0.00	370.00	1600.00	0.11	0.03	0.12	30.00	99.32
5.00	41.50	0.00	370.00	1600.00	0.12	0.03	0.12	30.00	99.40
5.00	41.50	0.00	370.00	1600.00	0.13	0.03	0.12	30.00	99.29
5.00	41.50	0.00	370.00	1500.00	0.11	0.03	0.12	30.00	99.50
5.00	41.50	0.00	370.00	1500.00	0.12	0.03	0.12	30.00	99.40
5.00	41.50	0.00	370.00	1500.00	0.13	0.03	0.12	30.00	99.32
5.00	41.50	0.00	350.00	1700.00	0.11	0.03	0.12	30.00	99.44
5.00	41.50	0.00	350.00	1700.00	0.12	0.03	0.12	30.00	99.51
5.00	41.50	0.00	350.00	1700.00	0.13	0.03	0.12	30.00	99.39
5.00	41.50	0.00	350.00	1600.00	0.11	0.03	0.12	30.00	99.44
5.00	41.50	0.00	350.00	1600.00	0.12	0.03	0.12	30.00	99.55
5.00	41.50	0.00	350.00	1600.00	0.13	0.03	0.12	30.00	99.52
5.00	41.50	0.00	350.00	1500.00	0.11	0.03	0.12	30.00	99.53
5.00	41.50	0.00	350.00	1500.00	0.12	0.03	0.12	30.00	99.39
5.00	41.50	0.00	350.00	1500.00	0.13	0.03	0.12	30.00	99.49
5.00	41.50	0.00	330.00	1700.00	0.11	0.03	0.12	30.00	99.53
5.00	41.50	0.00	330.00	1700.00	0.12	0.03	0.12	30.00	99.45
5.00	41.50	0.00	330.00	1700.00	0.13	0.03	0.12	30.00	99.45
5.00	41.50	0.00	330.00	1600.00	0.11	0.03	0.12	30.00	99.39
5.00	41.50	0.00	330.00	1600.00	0.12	0.03	0.12	30.00	99.50
5.00	41.50	0.00	330.00	1600.00	0.13	0.03	0.12	30.00	99.47
5.00	41.50	0.00	330.00	1500.00	0.11	0.03	0.12	30.00	99.41
5.00	41.50	0.00	330.00	1500.00	0.12	0.03	0.12	30.00	99.53
5.00	41.50	0.00	330.00	1500.00	0.13	0.03	0.12	30.00	99.50
5.00	38.50	0.00	320.00	900.00	0.08	0.03	0.08	27.00	98.17
5.00	38.50	0.00	360.00	900.00	0.09	0.03	0.08	27.00	97.36
5.00	38.50	0.00	320.00	750.00	0.09	0.03	0.08	27.00	97.74
5.00	38.50	0.00	320.00	900.00	0.08	0.03	0.08	27.00	97.84
5.00	38.50	0.00	400.00	900.00	0.09	0.03	0.08	27.00	97.95
5.00	38.50	0.00	360.00	900.00	0.08	0.03	0.08	27.00	97.99
5.00	38.50	0.00	360.00	750.00	0.10	0.03	0.08	27.00	97.32
5.00	38.50	0.00	320.00	750.00	0.09	0.03	0.08	27.00	97.36
5.00	38.50	0.00	320.00	900.00	0.07	0.03	0.08	27.00	98.14
5.00	38.50	0.00	400.00	900.00	0.09	0.03	0.08	27.00	96.51
5.00	38.50	0.00	400.00	750.00	0.10	0.03	0.08	27.00	97.21
5.00	38.50	0.00	360.00	900.00	0.08	0.03	0.08	27.00	97.95
5.00	38.50	0.00	320.00	600.00	0.10	0.03	0.08	27.00	97.39
5.00	38.50	0.00	360.00	750.00	0.09	0.03	0.08	27.00	98.17
5.00	38.50	0.00	320.00	750.00	0.08	0.03	0.08	27.00	97.78
5.00	38.50	0.00	360.00	600.00	0.11	0.03	0.08	27.00	96.88
5.00	38.50	0.00	400.00	900.00	0.08	0.03	0.08	27.00	97.58
5.00	38.50	0.00	400.00	750.00	0.10	0.03	0.08	27.00	97.63
5.00	38.50	0.00	320.00	600.00	0.10	0.03	0.08	27.00	98.01
5.00	38.50	0.00	360.00	750.00	0.08	0.03	0.08	27.00	97.35
5.00	38.50	0.00	400.00	600.00	0.12	0.03	0.08	27.00	95.58
5.00	38.50	0.00	360.00	600.00	0.10	0.03	0.08	27.00	97.90
5.00	38.50	0.00	400.00	750.00	0.09	0.03	0.08	27.00	96.94
5.00	38.50	0.00	320.00	600.00	0.09	0.03	0.08	27.00	98.02
5.00	38.50	0.00	400.00	600.00	0.11	0.03	0.08	27.00	97.91
5.00	38.50	0.00	360.00	600.00	0.10	0.03	0.08	27.00	97.25
5.00	38.50	0.00	400.00	600.00	0.10	0.03	0.08	27.00	98.12
5.00	34.00	0.00	260.00	1400.00	0.08	0.03	0.08	6.00	98.92
5.00	34.00	0.00	300.00	1400.00	0.08	0.03	0.08	6.00	99.43
5.00	34.00	0.00	340.00	1400.00	0.08	0.03	0.08	6.00	99.60
5.00	34.00	0.00	260.00	1400.00	0.08	0.03	0.08	6.00	99.64
5.00	34.00	0.00	300.00	1400.00	0.08	0.03	0.08	6.00	99.78
5.00	34.00	0.00	340.00	1400.00	0.08	0.03	0.08	6.00	99.94
5.00	28.00	0.00	200.00	800.00	0.10	0.02	0.08	9.00	94.38
5.00	28.00	0.00	200.00	1000.00	0.15	0.04	0.08	9.00	95.13
5.00	28.00	0.00	200.00	1200.00	0.20	0.06	0.08	9.00	92.51
5.00	28.00	0.00	250.00	800.00	0.15	0.06	0.08	9.00	95.88
5.00	28.00	0.00	250.00	1000.00	0.20	0.02	0.08	9.00	98.13
5.00	28.00	0.00	250.00	1200.00	0.10	0.04	0.08	9.00	97.38
5.00	28.00	0.00	300.00	800.00	0.20	0.04	0.08	9.00	97.00
5.00	28.00	0.00	300.00	1000.00	0.10	0.06	0.08	9.00	96.63
5.00	28.00	0.00	300.00	1200.00	0.15	0.02	0.08	9.00	97.75
6.00	39.80	0.00	200.00	200.00	0.12	0.05	0.08	5.00	99.04
6.00	39.80	0.00	200.00	270.00	0.09	0.05	0.08	5.00	94.60
6.00	39.80	0.00	200.00	480.00	0.09	0.03	0.08	5.00	96.70
6.00	39.80	0.00	200.00	340.00	0.12	0.03	0.08	5.00	99.31
6.00	39.80	0.00	200.00	300.00	0.08	0.05	0.08	5.00	97.90
6.00	29.50	0.00	250.00	1302.00	0.12	0.03	0.07	25.00	97.36
6.00	29.50	0.00	275.00	1432.00	0.12	0.03	0.07	25.00	96.58
6.00	29.50	0.00	300.00	1563.00	0.12	0.03	0.07	25.00	96.07
6.00	29.50	0.00	325.00	1693.00	0.12	0.03	0.07	25.00	95.72
6.00	29.50	0.00	350.00	1823.00	0.12	0.03	0.07	25.00	89.72
6.00	29.50	0.00	250.00	1042.00	0.12	0.03	0.07	25.00	99.15
6.00	29.50	0.00	275.00	1146.00	0.12	0.03	0.07	25.00	99.08
6.00	29.50	0.00	300.00	1250.00	0.12	0.03	0.07	25.00	96.68
6.00	29.50	0.00	325.00	1354.00	0.12	0.03	0.07	25.00	98.90
6.00	29.50	0.00	350.00	1458.00	0.12	0.03	0.07	25.00	96.31
6.00	29.50	0.00	250.00	868.00	0.12	0.03	0.07	25.00	98.90
6.00	29.50	0.00	275.00	955.00	0.12	0.03	0.07	25.00	99.57
6.00	29.50	0.00	300.00	1042.00	0.12	0.03	0.07	25.00	99.81
6.00	29.50	0.00	325.00	1128.00	0.12	0.03	0.07	25.00	99.32
6.00	29.50	0.00	350.00	1215.00	0.12	0.03	0.07	25.00	98.42
6.00	29.50	0.00	250.00	744.00	0.12	0.03	0.07	25.00	99.54
6.00	29.50	0.00	275.00	818.00	0.12	0.03	0.07	25.00	99.97
6.00	29.50	0.00	300.00	893.00	0.12	0.03	0.07	25.00	99.80
6.00	29.50	0.00	325.00	967.00	0.12	0.03	0.07	25.00	99.72
6.00	29.50	0.00	350.00	1042.00	0.12	0.03	0.07	25.00	99.13
6.00	29.50	0.00	250.00	651.00	0.12	0.03	0.07	25.00	99.95
6.00	29.50	0.00	275.00	716.00	0.12	0.03	0.07	25.00	99.93
6.00	29.50	0.00	300.00	781.00	0.12	0.03	0.07	25.00	99.88
6.00	29.50	0.00	325.00	846.00	0.12	0.03	0.07	25.00	99.62
6.00	29.50	0.00	350.00	911.00	0.12	0.03	0.07	25.00	99.74
6.00	34.00	0.00	160.00	650.00	0.10	0.03	0.05	20.00	99.47
6.00	34.00	0.00	170.00	784.00	0.10	0.03	0.05	20.00	99.14
6.00	34.00	0.00	170.00	700.00	0.10	0.03	0.05	20.00	99.08
6.00	34.00	0.00	170.00	700.00	0.10	0.03	0.05	20.00	99.46
6.00	34.00	0.00	170.00	700.00	0.10	0.03	0.05	20.00	99.08
6.00	34.00	0.00	170.00	700.00	0.10	0.03	0.05	20.00	99.55
6.00	34.00	0.00	160.00	750.00	0.09	0.03	0.05	20.00	99.98
6.00	34.00	0.00	180.00	750.00	0.09	0.03	0.05	20.00	99.99
6.00	34.00	0.00	180.00	650.00	0.10	0.03	0.05	20.00	98.56
6.00	34.00	0.00	186.82	700.00	0.10	0.03	0.05	20.00	99.48
6.00	34.00	0.00	170.00	700.00	0.09	0.03	0.05	20.00	99.64
6.00	34.00	0.00	170.00	616.00	0.10	0.03	0.05	20.00	98.70
6.00	34.00	0.00	170.00	700.00	0.10	0.03	0.05	20.00	99.02
6.00	34.00	0.00	180.00	650.00	0.09	0.03	0.05	20.00	99.10
6.00	34.00	0.00	160.00	750.00	0.10	0.03	0.05	20.00	99.89
6.00	34.00	0.00	153.18	700.00	0.10	0.03	0.05	20.00	99.99
6.00	34.00	0.00	180.00	750.00	0.10	0.03	0.05	20.00	97.89
6.00	34.00	0.00	160.00	650.00	0.09	0.03	0.05	20.00	98.18
6.00	34.00	0.00	170.00	700.00	0.10	0.03	0.05	20.00	98.91
6.00	34.00	0.00	170.00	700.00	0.10	0.03	0.05	20.00	99.25
6.00	34.00	0.00	80.00	200.00	0.11	0.03	0.11	22.00	95.27
6.00	34.00	0.00	100.00	300.00	0.11	0.03	0.11	22.00	91.59
6.00	34.00	0.00	120.00	300.00	0.11	0.03	0.11	22.00	93.69
6.00	34.00	0.00	120.00	400.00	0.11	0.03	0.11	22.00	96.68
6.00	34.00	0.00	140.00	400.00	0.11	0.03	0.11	22.00	96.21
6.00	34.00	0.00	140.00	500.00	0.11	0.03	0.11	22.00	96.56
6.00	34.00	0.00	160.00	400.00	0.11	0.03	0.11	22.00	95.90
6.00	34.00	0.00	160.00	500.00	0.11	0.03	0.11	22.00	96.68
6.00	34.00	0.00	180.00	400.00	0.11	0.03	0.11	22.00	96.60
6.00	34.00	0.00	180.00	500.00	0.11	0.03	0.11	22.00	98.45
6.00	34.00	0.00	180.00	600.00	0.11	0.03	0.11	22.00	99.61
6.00	34.00	0.00	80.00	200.00	0.11	0.05	0.11	22.00	89.19
6.00	34.00	0.00	100.00	300.00	0.11	0.05	0.11	22.00	89.93
6.00	34.00	0.00	120.00	300.00	0.11	0.05	0.11	22.00	88.39
6.00	34.00	0.00	120.00	400.00	0.11	0.05	0.11	22.00	90.88
6.00	34.00	0.00	140.00	400.00	0.11	0.05	0.11	22.00	90.59
6.00	34.00	0.00	140.00	500.00	0.11	0.05	0.11	22.00	96.93
6.00	34.00	0.00	160.00	400.00	0.11	0.05	0.11	22.00	95.24
6.00	34.00	0.00	160.00	500.00	0.11	0.05	0.11	22.00	95.31
6.00	34.00	0.00	180.00	400.00	0.11	0.05	0.11	22.00	93.18
6.00	34.00	0.00	180.00	500.00	0.11	0.05	0.11	22.00	98.48
6.00	34.00	0.00	180.00	600.00	0.11	0.05	0.11	22.00	99.35
6.00	42.22	0.00	250.00	800.00	0.07	0.05	0.05	20.00	99.37
6.00	42.22	0.00	350.00	800.00	0.07	0.05	0.05	20.00	98.58
6.00	42.22	0.00	250.00	1200.00	0.07	0.05	0.05	20.00	98.63
6.00	42.22	0.00	350.00	1200.00	0.07	0.05	0.05	20.00	98.68
6.00	42.22	0.00	250.00	800.00	0.13	0.05	0.05	20.00	98.26
6.00	42.22	0.00	350.00	800.00	0.13	0.05	0.05	20.00	98.79
6.00	42.22	0.00	250.00	1200.00	0.13	0.05	0.05	20.00	96.90
6.00	42.22	0.00	350.00	1200.00	0.13	0.05	0.05	20.00	98.20
6.00	42.22	0.00	215.91	1000.00	0.10	0.05	0.05	20.00	98.20
6.00	42.22	0.00	384.09	1000.00	0.10	0.05	0.05	20.00	98.83
6.00	42.22	0.00	300.00	663.64	0.10	0.05	0.05	20.00	99.21
6.00	42.22	0.00	300.00	1336.36	0.10	0.05	0.05	20.00	98.25
6.00	42.22	0.00	300.00	1000.00	0.05	0.05	0.05	20.00	99.09
6.00	42.22	0.00	300.00	1000.00	0.15	0.05	0.05	20.00	97.81
6.00	42.22	0.00	300.00	1000.00	0.10	0.05	0.05	20.00	99.22
6.00	42.22	0.00	300.00	1000.00	0.10	0.05	0.05	20.00	99.14
6.00	42.22	0.00	300.00	1000.00	0.10	0.05	0.05	20.00	99.26
6.00	42.22	0.00	300.00	1000.00	0.10	0.05	0.05	20.00	99.26
6.00	42.22	0.00	300.00	1000.00	0.10	0.05	0.05	20.00	99.33
6.00	42.22	0.00	300.00	1000.00	0.10	0.05	0.05	20.00	99.28
6.00	44.50	0.00	250.00	520.00	0.12	0.05	0.07	14.99	99.91
6.00	44.50	0.00	250.00	620.00	0.12	0.05	0.07	14.99	99.89
6.00	44.50	0.00	250.00	720.00	0.12	0.05	0.07	14.99	99.98
6.00	44.50	0.00	250.00	820.00	0.12	0.05	0.07	14.99	99.86
6.00	44.50	0.00	250.00	920.00	0.12	0.05	0.07	14.99	99.74
6.00	44.50	0.00	300.00	520.00	0.12	0.05	0.07	14.99	99.76
6.00	44.50	0.00	300.00	620.00	0.12	0.05	0.07	14.99	99.92
6.00	44.50	0.00	300.00	720.00	0.12	0.05	0.07	14.99	99.89
6.00	44.50	0.00	300.00	820.00	0.12	0.05	0.07	14.99	99.93
6.00	44.50	0.00	300.00	920.00	0.12	0.05	0.07	14.99	99.94
6.00	44.50	0.00	350.00	520.00	0.12	0.05	0.07	14.99	99.63
6.00	44.50	0.00	350.00	620.00	0.12	0.05	0.07	14.99	99.92
6.00	44.50	0.00	350.00	720.00	0.12	0.05	0.07	14.99	99.97
6.00	44.50	0.00	350.00	820.00	0.12	0.05	0.07	14.99	99.99
6.00	44.50	0.00	350.00	920.00	0.12	0.05	0.07	14.99	99.99
6.00	29.11	0.00	200.00	750.00	0.13	0.04	0.07	30.00	98.95
6.00	29.11	0.00	175.00	650.00	0.12	0.04	0.07	30.00	98.16
6.00	29.11	0.00	200.00	550.00	0.13	0.04	0.07	30.00	98.30
6.00	29.11	0.00	200.00	750.00	0.13	0.04	0.07	30.00	98.31
6.00	29.11	0.00	175.00	650.00	0.12	0.04	0.07	30.00	98.89
6.00	29.11	0.00	225.00	850.00	0.12	0.04	0.07	30.00	99.03
6.00	29.11	0.00	175.00	650.00	0.14	0.04	0.07	30.00	99.22
6.00	29.11	0.00	200.00	950.00	0.13	0.04	0.07	30.00	98.31
6.00	29.11	0.00	175.00	850.00	0.14	0.04	0.07	30.00	98.98
6.00	29.11	0.00	200.00	750.00	0.13	0.04	0.07	30.00	98.73
6.00	29.11	0.00	225.00	850.00	0.14	0.04	0.07	30.00	98.90
6.00	29.11	0.00	225.00	650.00	0.12	0.04	0.07	30.00	99.19
6.00	29.11	0.00	225.00	650.00	0.12	0.04	0.07	30.00	99.49
6.00	29.11	0.00	200.00	750.00	0.13	0.04	0.07	30.00	99.10
6.00	29.11	0.00	225.00	650.00	0.14	0.04	0.07	30.00	99.30
6.00	29.11	0.00	175.00	850.00	0.14	0.04	0.07	30.00	99.12
6.00	29.11	0.00	250.00	750.00	0.13	0.04	0.07	30.00	99.67
6.00	29.11	0.00	200.00	750.00	0.13	0.04	0.07	30.00	99.80
6.00	29.11	0.00	175.00	650.00	0.14	0.04	0.07	30.00	99.52
6.00	29.11	0.00	150.00	750.00	0.13	0.04	0.07	30.00	99.47
6.00	29.11	0.00	175.00	850.00	0.12	0.04	0.07	30.00	99.38
6.00	29.11	0.00	200.00	750.00	0.13	0.04	0.07	30.00	99.23
6.00	29.11	0.00	200.00	750.00	0.13	0.04	0.07	30.00	99.39
6.00	29.11	0.00	200.00	750.00	0.13	0.04	0.07	30.00	99.13
6.00	29.11	0.00	200.00	750.00	0.15	0.04	0.07	30.00	99.09
6.00	29.11	0.00	225.00	650.00	0.14	0.04	0.07	30.00	98.78
6.00	29.11	0.00	175.00	850.00	0.12	0.04	0.07	30.00	99.45
6.00	29.11	0.00	200.00	750.00	0.11	0.04	0.07	30.00	99.93
6.00	29.11	0.00	225.00	850.00	0.12	0.04	0.07	30.00	99.29
6.00	29.11	0.00	225.00	850.00	0.14	0.04	0.07	30.00	99.40
6.00	31.00	0.00	300.00	2500.00	0.05	0.04	0.07	17.99	96.90
6.00	31.00	0.00	300.00	2500.00	0.07	0.04	0.07	17.99	95.86
6.00	31.00	0.00	300.00	2500.00	0.10	0.04	0.07	17.99	84.17
6.00	31.00	0.00	350.00	2500.00	0.05	0.04	0.07	17.99	96.27
6.00	31.00	0.00	350.00	2500.00	0.07	0.04	0.07	17.99	97.41
6.00	31.00	0.00	350.00	2500.00	0.10	0.04	0.07	17.99	92.53
6.00	31.00	0.00	450.00	2500.00	0.05	0.04	0.07	17.99	97.47
6.00	31.00	0.00	450.00	2500.00	0.07	0.04	0.07	17.99	99.34
6.00	31.00	0.00	450.00	2500.00	0.10	0.04	0.07	17.99	97.87
6.00	31.00	0.00	450.00	1500.00	0.05	0.04	0.07	17.99	99.19
6.00	31.00	0.00	450.00	1500.00	0.07	0.04	0.07	17.99	98.85
6.00	31.00	0.00	450.00	1500.00	0.10	0.04	0.07	17.99	98.65
6.00	31.00	0.00	450.00	2000.00	0.05	0.04	0.07	17.99	99.19
6.00	31.00	0.00	450.00	2000.00	0.07	0.04	0.07	17.99	98.78
6.00	31.00	0.00	450.00	2000.00	0.10	0.04	0.07	17.99	97.88
6.00	31.00	0.00	450.00	3000.00	0.05	0.04	0.07	17.99	97.79
6.00	31.00	0.00	450.00	3000.00	0.07	0.04	0.07	17.99	98.06
6.00	31.00	0.00	450.00	3000.00	0.10	0.04	0.07	17.99	95.80
6.00	20.00	0.00	100.00	700.00	0.12	0.05	0.20	28.00	97.90
6.00	20.00	0.00	150.00	700.00	0.12	0.05	0.20	28.00	98.59
6.00	20.00	0.00	200.00	700.00	0.12	0.05	0.20	28.00	98.70
6.00	20.00	0.00	250.00	700.00	0.12	0.05	0.20	28.00	98.91
6.00	20.00	0.00	300.00	700.00	0.12	0.05	0.20	28.00	99.80
6.00	20.00	0.00	350.00	700.00	0.12	0.05	0.20	28.00	99.51
6.00	20.00	0.00	400.00	700.00	0.12	0.05	0.20	28.00	99.22
6.00	20.00	0.00	300.00	400.00	0.12	0.05	0.20	28.00	98.40
6.00	20.00	0.00	300.00	500.00	0.12	0.05	0.20	28.00	98.60
6.00	20.00	0.00	300.00	600.00	0.12	0.05	0.20	28.00	98.39
6.00	20.00	0.00	300.00	800.00	0.12	0.05	0.20	28.00	99.10
6.00	20.00	0.00	300.00	900.00	0.12	0.05	0.20	28.00	98.90
6.00	20.00	0.00	300.00	1000.00	0.12	0.05	0.20	28.00	98.90
6.00	20.00	0.00	300.00	700.00	0.03	0.05	0.20	28.00	97.00
6.00	20.00	0.00	300.00	700.00	0.05	0.05	0.20	28.00	98.27
6.00	20.00	0.00	300.00	700.00	0.08	0.05	0.20	28.00	98.93
6.00	20.00	0.00	300.00	700.00	0.10	0.05	0.20	28.00	99.10
6.00	20.00	0.00	300.00	700.00	0.13	0.05	0.20	28.00	99.80
6.00	20.00	0.00	300.00	700.00	0.15	0.05	0.20	28.00	99.32
6.00	20.00	0.00	300.00	700.00	0.20	0.05	0.20	28.00	99.51
6.00	21.00	0.00	300.00	700.00	0.12	0.05	0.03	28.00	95.90
6.00	22.00	0.00	300.00	700.00	0.12	0.05	0.05	28.00	97.59
6.00	23.00	0.00	300.00	700.00	0.12	0.05	0.08	28.00	98.91
6.00	24.00	0.00	300.00	700.00	0.12	0.05	0.10	28.00	98.91
6.00	25.00	0.00	300.00	700.00	0.12	0.05	0.15	28.00	98.91
6.00	26.00	0.00	300.00	700.00	0.12	0.05	0.20	28.00	99.80
6.00	27.00	0.00	300.00	700.00	0.12	0.05	0.25	28.00	98.71
6.00	28.00	0.00	300.00	700.00	0.12	0.05	0.30	28.00	92.70
6.00	35.40	0.00	50.00	600.00	0.09	0.03	0.05	30.00	80.14
6.00	35.40	0.00	100.00	600.00	0.09	0.03	0.05	30.00	97.48
6.00	35.40	0.00	150.00	600.00	0.09	0.03	0.05	30.00	99.26
6.00	35.40	0.00	200.00	600.00	0.09	0.03	0.05	30.00	98.88
6.00	35.40	0.00	250.00	600.00	0.09	0.03	0.05	30.00	99.42
6.00	35.40	0.00	50.00	1000.00	0.09	0.03	0.05	30.00	72.15
6.00	35.40	0.00	100.00	1000.00	0.09	0.03	0.05	30.00	90.94
6.00	35.40	0.00	150.00	1000.00	0.09	0.03	0.05	30.00	99.26
6.00	35.40	0.00	200.00	1000.00	0.09	0.03	0.05	30.00	99.34
6.00	35.40	0.00	250.00	1000.00	0.09	0.03	0.05	30.00	99.54
6.00	35.40	0.00	50.00	600.00	0.11	0.03	0.05	30.00	81.71
6.00	35.40	0.00	100.00	600.00	0.11	0.03	0.05	30.00	96.65
6.00	35.40	0.00	150.00	600.00	0.11	0.03	0.05	30.00	98.76
6.00	35.40	0.00	200.00	600.00	0.11	0.03	0.05	30.00	98.97
6.00	35.40	0.00	250.00	600.00	0.11	0.03	0.05	30.00	99.38
6.00	35.40	0.00	50.00	1000.00	0.11	0.03	0.05	30.00	72.36
6.00	35.40	0.00	100.00	1000.00	0.11	0.03	0.05	30.00	86.63
6.00	35.40	0.00	150.00	1000.00	0.11	0.03	0.05	30.00	98.10
6.00	35.40	0.00	200.00	1000.00	0.11	0.03	0.05	30.00	99.34
6.00	35.40	0.00	250.00	1000.00	0.11	0.03	0.05	30.00	99.50
6.00	35.40	0.00	50.00	600.00	0.12	0.03	0.05	30.00	82.07
6.00	35.40	0.00	100.00	600.00	0.12	0.03	0.05	30.00	91.65
6.00	35.40	0.00	150.00	600.00	0.12	0.03	0.05	30.00	98.64
6.00	35.40	0.00	200.00	600.00	0.12	0.03	0.05	30.00	99.17
6.00	35.40	0.00	250.00	600.00	0.12	0.03	0.05	30.00	99.38
6.00	35.40	0.00	50.00	1000.00	0.12	0.03	0.05	30.00	71.40
6.00	35.40	0.00	100.00	1000.00	0.12	0.03	0.05	30.00	83.60
6.00	35.40	0.00	150.00	1000.00	0.12	0.03	0.05	30.00	93.14
6.00	35.40	0.00	200.00	1000.00	0.12	0.03	0.05	30.00	98.18
6.00	35.40	0.00	250.00	1000.00	0.12	0.03	0.05	30.00	99.34
6.00	16.17	0.00	400.00	600.00	0.10	0.05	0.10	16.00	99.75
6.00	16.17	0.00	400.00	900.00	0.10	0.05	0.10	16.00	99.93
6.00	16.17	0.00	400.00	1200.00	0.10	0.05	0.10	16.00	99.72
6.00	16.17	0.00	400.00	1500.00	0.10	0.05	0.10	16.00	99.32
6.00	16.17	0.00	400.00	600.00	0.10	0.06	0.10	16.00	99.91
6.00	16.17	0.00	400.00	900.00	0.10	0.06	0.10	16.00	99.93
6.00	16.17	0.00	400.00	1200.00	0.10	0.06	0.10	16.00	99.77
6.00	16.17	0.00	400.00	1500.00	0.10	0.06	0.10	16.00	99.26
6.00	16.17	0.00	400.00	600.00	0.10	0.07	0.10	16.00	99.85
6.00	16.17	0.00	400.00	900.00	0.10	0.07	0.10	16.00	99.95
6.00	16.17	0.00	400.00	1200.00	0.10	0.07	0.10	16.00	99.77
6.00	16.17	0.00	400.00	1500.00	0.10	0.07	0.10	16.00	99.39
6.00	16.17	0.00	400.00	600.00	0.10	0.08	0.10	16.00	99.87
6.00	16.17	0.00	400.00	900.00	0.10	0.08	0.10	16.00	99.92
6.00	16.17	0.00	400.00	1200.00	0.10	0.08	0.10	16.00	99.70
6.00	16.17	0.00	400.00	1500.00	0.10	0.08	0.10	16.00	99.14
6.00	36.69	0.00	152.50	757.50	0.08	0.04	0.08	37.98	99.53
6.00	36.69	0.00	228.75	1010.00	0.08	0.04	0.08	37.98	100.00
6.00	36.69	0.00	228.75	1262.50	0.08	0.04	0.08	37.98	99.88
6.00	36.69	0.00	305.00	1262.50	0.08	0.04	0.08	37.98	99.98
6.00	36.69	0.00	305.00	1515.00	0.08	0.04	0.08	37.98	99.90
6.00	36.69	0.00	381.25	1515.00	0.08	0.04	0.08	37.98	99.68
6.00	36.69	0.00	152.50	505.00	0.11	0.04	0.08	37.98	99.83
6.00	36.69	0.00	228.75	757.50	0.11	0.04	0.08	37.98	99.96
6.00	36.69	0.00	228.75	1010.00	0.11	0.04	0.08	37.98	99.47
6.00	36.69	0.00	305.00	1010.00	0.11	0.04	0.08	37.98	99.96
6.00	36.69	0.00	305.00	1262.50	0.11	0.04	0.08	37.98	99.98
6.00	36.69	0.00	381.25	1262.50	0.11	0.04	0.08	37.98	99.69
6.00	36.69	0.00	381.25	1515.00	0.11	0.04	0.08	37.98	97.61
6.00	36.69	0.00	152.50	505.00	0.14	0.04	0.08	37.98	97.57
6.00	36.69	0.00	228.75	757.50	0.14	0.04	0.08	37.98	99.25
6.00	36.69	0.00	305.00	757.50	0.14	0.04	0.08	37.98	99.97
6.00	36.69	0.00	305.00	1010.00	0.14	0.04	0.08	37.98	98.45
6.00	36.69	0.00	381.25	757.50	0.14	0.04	0.08	37.98	99.67
6.00	36.69	0.00	381.25	1262.50	0.14	0.04	0.08	37.98	97.51
6.00	36.69	0.00	152.50	757.50	0.08	0.04	0.08	37.98	100.00
6.00	36.69	0.00	228.75	1010.00	0.08	0.04	0.08	37.98	99.99
6.00	36.69	0.00	228.75	1262.50	0.08	0.04	0.08	37.98	99.96
6.00	36.69	0.00	305.00	1262.50	0.08	0.04	0.08	37.98	99.99
6.00	36.69	0.00	305.00	1515.00	0.08	0.04	0.08	37.98	99.80
6.00	36.69	0.00	381.25	1515.00	0.08	0.04	0.08	37.98	99.85
6.00	36.69	0.00	152.50	505.00	0.11	0.04	0.08	37.98	99.91
6.00	36.69	0.00	228.75	757.50	0.11	0.04	0.08	37.98	99.98
6.00	36.69	0.00	228.75	1010.00	0.11	0.04	0.08	37.98	99.80
6.00	36.69	0.00	305.00	1010.00	0.11	0.04	0.08	37.98	99.99
6.00	36.69	0.00	305.00	1262.50	0.11	0.04	0.08	37.98	99.60
6.00	36.69	0.00	381.25	1262.50	0.11	0.04	0.08	37.98	99.66
6.00	36.69	0.00	381.25	1515.00	0.11	0.04	0.08	37.98	98.74
6.00	36.69	0.00	152.50	505.00	0.14	0.04	0.08	37.98	99.77
6.00	36.69	0.00	228.75	757.50	0.14	0.04	0.08	37.98	99.76
6.00	36.69	0.00	305.00	757.50	0.14	0.04	0.08	37.98	99.98
6.00	36.69	0.00	305.00	1010.00	0.14	0.04	0.08	37.98	99.72
6.00	36.69	0.00	381.25	757.50	0.14	0.04	0.08	37.98	99.86
6.00	36.69	0.00	381.25	1262.50	0.14	0.04	0.08	37.98	98.41
6.00	27.57	0.00	210.00	900.00	0.10	0.03	0.07	25.00	96.81
6.00	27.57	0.00	210.00	1000.00	0.10	0.03	0.07	25.00	98.62
6.00	27.57	0.00	210.00	1100.00	0.10	0.03	0.07	25.00	98.64
6.00	27.57	0.00	210.00	1200.00	0.10	0.03	0.07	25.00	97.05
6.00	27.57	0.00	210.00	1300.00	0.10	0.03	0.07	25.00	95.85
6.00	27.57	0.00	220.00	900.00	0.10	0.03	0.07	25.00	99.49
6.00	27.57	0.00	220.00	1000.00	0.10	0.03	0.07	25.00	98.54
6.00	27.57	0.00	220.00	1100.00	0.10	0.03	0.07	25.00	98.99
6.00	27.57	0.00	220.00	1200.00	0.10	0.03	0.07	25.00	97.59
6.00	27.57	0.00	220.00	1300.00	0.10	0.03	0.07	25.00	97.67
6.00	27.57	0.00	230.00	900.00	0.10	0.03	0.07	25.00	98.77
6.00	27.57	0.00	230.00	1000.00	0.10	0.03	0.07	25.00	99.80
6.00	27.57	0.00	230.00	1100.00	0.10	0.03	0.07	25.00	99.99
6.00	27.57	0.00	230.00	1200.00	0.10	0.03	0.07	25.00	98.32
6.00	27.57	0.00	230.00	1300.00	0.10	0.03	0.07	25.00	98.89
6.00	27.57	0.00	240.00	900.00	0.10	0.03	0.07	25.00	98.72
6.00	27.57	0.00	240.00	1000.00	0.10	0.03	0.07	25.00	99.56
6.00	27.57	0.00	240.00	1100.00	0.10	0.03	0.07	25.00	98.84
6.00	27.57	0.00	240.00	1200.00	0.10	0.03	0.07	25.00	98.69
6.00	27.57	0.00	240.00	1300.00	0.10	0.03	0.07	25.00	98.10
6.00	27.57	0.00	250.00	900.00	0.10	0.03	0.07	25.00	99.65
6.00	27.57	0.00	250.00	1000.00	0.10	0.03	0.07	25.00	98.84
6.00	27.57	0.00	250.00	1100.00	0.10	0.03	0.07	25.00	98.09
6.00	27.57	0.00	250.00	1200.00	0.10	0.03	0.07	25.00	98.47
6.00	27.57	0.00	250.00	1300.00	0.10	0.03	0.07	25.00	98.96
