Material	Power	Speed 	Hatch 	Thickness	Spot	Energy	D50	Atmosphere	Geometry	 Strategy	RD
2	300	1200	0.15	0.03	0.1	55.56	25.6	1	2	1	99.96
2	340	1400	0.08	0.03	0.075	101.19	34	1	1	2	99.94
2	370	1454	0.16	0.03	0.07	53.01	31.43	1	1	1	99.92
2	370	1344	0.18	0.03	0.07	50.98	31.43	1	1	1	99.91
2	370	1511	0.16	0.03	0.07	51.01	31.43	1	1	1	99.91
2	370	1293	0.18	0.03	0.07	52.99	31.43	1	1	1	99.89
2	250	1600	0.1	0.03	0.08	52.08	41.5	1	1	1	99.85
2	370	1402	0.16	0.03	0.07	54.98	31.43	1	1	1	99.85
2	370	1246	0.18	0.03	0.07	54.99	31.43	1	1	1	99.84
2	370	1573	0.16	0.03	0.07	49.00	31.43	1	1	1	99.84
2	180	1000	0.05	0.03	0.07	120.00	25.68	1	1	1	99.82
2	370	1202	0.18	0.03	0.07	57.00	31.43	1	1	1	99.82
2	370	1398	0.18	0.03	0.07	49.01	31.43	1	1	1	99.82
2	370	1352	0.16	0.03	0.07	57.01	31.43	1	1	1	99.81
2	600	2000	0.15	0.05	0.085	40.00	41.5	6	1	6	99.8
2	800	1500	0.15	0.05	0.085	71.11	41.5	6	1	6	99.8
2	300	1400	0.08	0.03	0.075	89.29	34	1	1	2	99.78
2	788	1099	0.3	0.06	0.1	39.83	40	6	1	6	99.77
2	370	1161	0.18	0.03	0.07	59.02	31.43	1	1	1	99.74
2	370	1306	0.16	0.03	0.07	59.02	31.43	1	1	1	99.73
2	400	1000	0.15	0.05	0.085	53.33	41.5	6	1	6	99.7
2	500	1500	0.15	0.05	0.085	44.44	41.5	6	1	6	99.7
2	500	2000	0.15	0.05	0.085	33.33	41.5	6	1	6	99.7
2	800	2000	0.15	0.05	0.085	53.33	41.5	6	1	6	99.7
2	260	1400	0.08	0.03	0.075	77.38	34	1	1	2	99.64
2	600	1500	0.15	0.05	0.085	53.33	41.5	6	1	6	99.6
2	700	2000	0.15	0.05	0.085	46.67	41.5	6	1	6	99.6
2	340	1400	0.08	0.03	0.075	101.19	34	1	1	2	99.60
2	250	2100	0.07	0.03	0.08	56.69	41.5	1	1	1	99.59
2	140	800	0.05	0.03	0.07	116.67	25.68	1	1	1	99.58
2	463	500	0.35	0.06	0.1	44.10	40	6	1	6	99.57
2	300	2100	0.1	0.03	0.08	47.62	41.5	1	1	1	99.55
2	370	1700	0.11	0.03	0.115	65.95	41.5	1	2	5	99.55
2	350	1600	0.12	0.03	0.115	60.76	41.5	1	2	5	99.55
2	330	1500	0.12	0.03	0.115	61.11	41.5	1	2	5	99.53
2	330	1700	0.11	0.03	0.115	58.82	41.5	1	2	5	99.53
2	350	1500	0.11	0.03	0.115	70.71	41.5	1	2	5	99.53
2	350	1600	0.13	0.03	0.115	56.09	41.5	1	2	5	99.52
2	788	1099	0.3	0.06	0.1	39.83	40	6	1	6	99.51
2	350	1700	0.12	0.03	0.115	57.19	41.5	1	2	5	99.51
2	330	1500	0.13	0.03	0.115	56.41	41.5	1	2	5	99.50
2	800	1000	0.15	0.05	0.085	106.67	41.5	6	1	6	99.5
2	250	1100	0.13	0.06	0.07	29.14	41	2	1	1	99.5
2	250	1200	0.13	0.06	0.07	26.71	41	2	1	1	99.5
2	330	1600	0.12	0.03	0.115	57.29	41.5	1	2	5	99.50
2	370	1500	0.11	0.03	0.115	74.75	41.5	1	2	5	99.50
2	350	1500	0.13	0.03	0.115	59.83	41.5	1	2	5	99.49
2	330	1600	0.13	0.03	0.115	52.88	41.5	1	2	5	99.47
2	330	1700	0.13	0.03	0.115	49.77	41.5	1	2	5	99.45
2	330	1700	0.12	0.03	0.115	53.92	41.5	1	2	5	99.45
2	300	1600	0.1	0.03	0.08	62.50	41.5	1	1	1	99.44
2	350	1600	0.11	0.03	0.115	66.29	41.5	1	2	5	99.44
2	350	1700	0.11	0.03	0.115	62.39	41.5	1	2	5	99.44
2	300	1400	0.08	0.03	0.075	89.29	34	1	1	2	99.43
2	330	1500	0.11	0.03	0.115	66.67	41.5	1	2	5	99.41
2	350	2100	0.1	0.03	0.08	55.56	41.5	1	1	1	99.40
2	370	1500	0.12	0.03	0.115	68.52	41.5	1	2	5	99.40
2	700	1500	0.15	0.05	0.085	62.22	41.5	6	1	6	99.4
2	250	1400	0.13	0.03	0.07	45.79	41	2	1	1	99.4
2	370	1600	0.12	0.03	0.115	64.24	41.5	1	2	5	99.40
2	170	1000	0.05	0.03	0.07	113.33	25.68	1	1	1	99.39
2	350	1500	0.12	0.03	0.115	64.81	41.5	1	2	5	99.39
2	350	1700	0.13	0.03	0.115	52.79	41.5	1	2	5	99.39
2	330	1600	0.11	0.03	0.115	62.50	41.5	1	2	5	99.39
2	370	1700	0.13	0.03	0.115	55.81	41.5	1	2	5	99.38
2	250	1600	0.13	0.03	0.08	40.06	41.5	1	1	1	99.37
2	350	2100	0.13	0.03	0.08	42.74	41.5	1	1	1	99.37
2	200	1400	0.105	0.03	0.15	45.35	30	1	1	6	99.35
2	250	1100	0.13	0.03	0.08	58.28	41.5	1	1	1	99.33
2	370	1500	0.13	0.03	0.115	63.25	41.5	1	2	5	99.32
2	370	1600	0.11	0.03	0.115	70.08	41.5	1	2	5	99.32
2	200	1500	0.105	0.03	0.15	42.33	30	1	1	6	99.30
2	170	1000	0.105	0.03	0.15	53.97	30	1	1	6	99.30
2	200	571.43	0.08	0.025	0.08	175.00	45	6	2	5	99.30
2	400	1500	0.15	0.05	0.085	35.56	41.5	6	1	6	99.3
2	500	1000	0.15	0.05	0.085	66.67	41.5	6	1	6	99.3
2	700	1000	0.15	0.05	0.085	93.33	41.5	6	1	6	99.3
2	250	1000	0.13	0.06	0.07	32.05	41	2	1	1	99.3
2	370	1600	0.13	0.03	0.115	59.29	41.5	1	2	5	99.29
2	300	1600	0.13	0.03	0.08	48.08	41.5	1	1	1	99.29
2	350	1600	0.13	0.03	0.08	56.09	41.5	1	1	1	99.29
2	370	1700	0.12	0.03	0.115	60.46	41.5	1	2	5	99.26
2	150	900	0.05	0.03	0.07	111.11	25.68	1	1	1	99.23
2	250	1600	0.07	0.03	0.08	74.40	41.5	1	1	1	99.22
2	180	1100	0.105	0.03	0.15	51.95	30	1	1	6	99.20
2	300	1000	0.15	0.05	0.085	40.00	41.5	6	1	6	99.2
2	600	1000	0.15	0.05	0.085	80.00	41.5	6	1	6	99.2
2	250	900	0.13	0.06	0.07	35.61	41	2	1	1	99.2
2	200	1350	0.075	0.03	0.15	65.84	35	1	1	3	99.2
2	175	1025	0.0975	0.03	0.15	58.37	35	1	1	3	99.2
2	300	2100	0.07	0.03	0.08	68.03	41.5	1	1	1	99.18
2	625	800	0.4	0.06	0.1	32.55	40	6	1	6	99.16
2	200	1300	0.105	0.03	0.15	48.84	30	1	1	6	99.15
2	190	1200	0.105	0.03	0.15	50.26	30	1	1	6	99.15
2	950	1400	0.35	0.06	0.1	32.31	40	6	1	6	99.15
2	350	2100	0.07	0.03	0.08	79.37	41.5	1	1	1	99.14
2	200	1200	0.105	0.03	0.15	52.91	30	1	1	6	99.11
2	190	1400	0.105	0.03	0.15	43.08	30	1	1	6	99.10
2	200	1600	0.105	0.03	0.15	39.68	30	1	1	6	99.10
2	250	1600	0.13	0.03	0.07	40.06	41	2	1	1	99.1
2	170	800	0.105	0.03	0.15	67.46	30	1	1	6	99.08
2	170	1200	0.105	0.03	0.15	44.97	30	1	1	6	99.08
2	250	2100	0.1	0.03	0.08	39.68	41.5	1	1	1	99.07
2	180	900	0.105	0.03	0.15	63.49	30	1	1	6	99.02
2	300	1100	0.1	0.03	0.08	90.91	41.5	1	1	1	98.99
2	625	800	0.4	0.06	0.1	32.55	40	6	1	6	98.93
2	260	1400	0.08	0.03	0.075	77.38	34	1	1	2	98.92
2	200	1000	0.105	0.03	0.15	63.49	30	1	1	6	98.90
2	200	1100	0.105	0.03	0.15	57.72	30	1	1	6	98.90
2	170	900	0.05	0.03	0.07	125.93	25.68	1	1	1	98.88
2	350	1600	0.1	0.03	0.08	72.92	41.5	1	1	1	98.88
2	150	800	0.05	0.03	0.07	125.00	25.68	1	1	1	98.87
2	180	1400	0.105	0.03	0.15	40.82	30	1	1	6	98.85
2	190	1600	0.105	0.03	0.15	37.70	30	1	1	6	98.85
2	300	1600	0.07	0.03	0.08	89.29	41.5	1	1	1	98.84
2	160	1000	0.05	0.03	0.07	106.67	25.68	1	1	1	98.83
2	350	1600	0.07	0.03	0.08	104.17	41.5	1	1	1	98.81
2	190	1000	0.105	0.03	0.15	60.32	30	1	1	6	98.80
2	250	1000	0.13	0.03	0.07	64.10	41	2	1	1	98.8
2	200	900	0.105	0.03	0.15	70.55	30	1	1	6	98.75
2	350	1150	0.17	0.05	0.1	35.81	41.5	1	6	2	98.72
2	300	2100	0.13	0.03	0.08	36.63	41.5	1	1	1	98.69
2	350	1150	0.17	0.05	0.1	35.81	41.5	1	6	2	98.69
2	950	1400	0.35	0.06	0.1	32.31	40	6	1	6	98.68
2	250	2100	0.13	0.03	0.08	30.53	41.5	1	1	1	98.66
2	180	1500	0.105	0.03	0.15	38.10	30	1	1	6	98.65
2	350	1150	0.17	0.05	0.1	35.81	41.5	1	6	2	98.63
2	463	500	0.35	0.06	0.1	44.10	40	6	1	6	98.6
2	250	1200	0.15	0.03	0.07	46.30	41	2	1	1	98.6
2	250	1100	0.1	0.03	0.08	75.76	41.5	1	1	1	98.58
2	160	900	0.05	0.03	0.07	118.52	25.68	1	1	1	98.58
2	180	1100	0.05	0.03	0.07	109.09	25.68	1	1	1	98.56
2	170	1400	0.105	0.03	0.15	38.55	30	1	1	6	98.55
2	200	800	0.105	0.03	0.15	79.37	30	1	1	6	98.53
2	250	1400	0.13	0.06	0.07	22.89	41	2	1	1	98.5
2	190	800	0.105	0.03	0.15	75.40	30	1	1	6	98.40
2	250	1200	0.11	0.03	0.07	63.13	41	2	1	1	98.4
2	250	1200	0.11	0.03	0.07	63.13	41	2	1	1	98.4
2	300	1100	0.13	0.03	0.08	69.93	41.5	1	1	1	98.32
2	250	1200	0.13	0.03	0.07	53.42	41	2	1	1	98.3
2	250	1800	0.13	0.03	0.07	35.61	41	2	1	1	98.3
2	250	800	0.13	0.09	0.07	26.71	41	2	1	1	98.3
2	175	1025	0.0975	0.03	0.15	58.37	35	1	1	3	98.3
2	160	800	0.05	0.03	0.07	133.33	25.68	1	1	1	98.27
2	140	700	0.05	0.03	0.07	133.33	25.68	1	1	1	98.26
2	180	900	0.05	0.03	0.07	133.33	25.68	1	1	1	98.26
2	250	1200	0.13	0.03	0.07	53.42	41	2	1	1	98.2
2	320	900	0.0818	0.03	0.08	144.89	38.5	1	1	4	98.17
2	360	750	0.0914	0.03	0.08	175.05	38.5	1	1	4	98.17
2	320	900	0.0709	0.03	0.08	167.16	38.5	1	1	4	98.14
2	250	1100	0.07	0.03	0.08	108.23	41.5	1	1	1	98.13
2	250	1000	0.2	0.02	0.08	62.50	28	6	1	6	98.13
2	400	600	0.1009	0.03	0.08	220.24	38.5	1	1	4	98.12
2	250	1200	0.17	0.03	0.07	40.85	41	2	1	1	98.1
2	250	800	0.13	0.06	0.07	40.06	41	2	1	1	98.1
2	250	1000	0.13	0.09	0.07	21.37	41	2	1	1	98.1
2	300	1100	0.07	0.03	0.08	129.87	41.5	1	1	1	98.10
2	320	600	0.0887	0.03	0.08	200.43	38.5	1	1	4	98.02
2	170	1100	0.05	0.03	0.07	103.03	25.68	1	1	1	98.02
2	320	600	0.0955	0.03	0.08	186.15	38.5	1	1	4	98.01
2	250	2200	0.13	0.03	0.07	29.14	41	2	1	1	98
2	360	900	0.083	0.03	0.08	160.64	38.5	1	1	4	97.99
2	400	900	0.0941	0.03	0.08	157.44	38.5	1	1	4	97.95
2	360	900	0.0771	0.03	0.08	172.94	38.5	1	1	4	97.95
2	150	700	0.05	0.03	0.07	142.86	25.68	1	1	1	97.94
2	400	600	0.1086	0.03	0.08	204.62	38.5	1	1	4	97.91
2	250	1200	0.17	0.03	0.07	40.85	41	2	1	1	97.9
2	360	600	0.1036	0.03	0.08	193.05	38.5	1	1	4	97.90
2	320	900	0.0763	0.03	0.08	155.33	38.5	1	1	4	97.84
2	250	1200	0.13	0.03	0.07	53.42	41	2	1	1	97.8
2	250	1200	0.15	0.03	0.07	46.30	41	2	1	1	97.8
2	250	2000	0.13	0.03	0.07	32.05	41	2	1	1	97.8
2	320	750	0.0807	0.03	0.08	176.24	38.5	1	1	4	97.78
2	300	1200	0.15	0.02	0.08	83.33	28	6	1	6	97.75
2	170	1600	0.105	0.03	0.15	33.73	30	1	1	6	97.75
2	320	750	0.0931	0.03	0.08	152.76	38.5	1	1	4	97.74
2	300	1200	0.13	0.03	0.07	64.10	41	2	1	1	97.7
2	140	900	0.05	0.03	0.07	103.70	25.68	1	1	1	97.70
2	400	750	0.0977	0.03	0.08	181.96	38.5	1	1	4	97.63
2	300	1200	0.13	0.03	0.07	64.10	41	2	1	1	97.6
2	175	1025	0.0525	0.03	0.15	108.40	35	1	1	3	97.6
2	400	900	0.0815	0.03	0.08	181.78	38.5	1	1	4	97.58
2	150	1000	0.05	0.03	0.07	100.00	25.68	1	1	1	97.52
2	250	1200	0.09	0.03	0.07	77.16	41	2	1	1	97.5
2	180	1200	0.05	0.03	0.07	100.00	25.68	1	1	1	97.48
2	170	800	0.05	0.03	0.07	141.67	25.68	1	1	1	97.44
2	160	700	0.05	0.03	0.07	152.38	25.68	1	1	1	97.43
2	200	1200	0.13	0.03	0.07	42.74	41	2	1	1	97.4
2	320	600	0.1024	0.03	0.08	173.61	38.5	1	1	4	97.39
2	250	1200	0.1	0.04	0.08	52.08	28	6	1	6	97.38
2	360	900	0.0889	0.03	0.08	149.98	38.5	1	1	4	97.36
2	320	750	0.0869	0.03	0.08	163.66	38.5	1	1	4	97.36
2	360	750	0.0849	0.03	0.08	188.46	38.5	1	1	4	97.35
2	150	1000	0.05	0.05	0.115	60.00	47.5	6	4	6	97.33
2	360	750	0.098	0.03	0.08	163.27	38.5	1	1	4	97.32
2	160	1100	0.05	0.03	0.07	96.97	25.68	1	1	1	97.30
2	200	1200	0.13	0.03	0.07	42.74	41	2	1	1	97.3
2	250	1200	0.13	0.03	0.07	53.42	41	2	1	1	97.3
2	250	800	0.13	0.03	0.07	80.13	41	2	1	1	97.3
2	250	550	0.13	0.09	0.07	38.85	41	2	1	1	97.3
2	350	1100	0.13	0.03	0.08	81.59	41.5	1	1	1	97.28
2	360	600	0.0962	0.03	0.08	207.90	38.5	1	1	4	97.25
2	400	750	0.1047	0.03	0.08	169.80	38.5	1	1	4	97.21
2	250	1200	0.13	0.03	0.07	53.42	41	2	1	1	97.2
2	180	800	0.05	0.03	0.07	150.00	25.68	1	1	1	97.12
2	250	1200	0.09	0.03	0.07	77.16	41	2	1	1	97.1
2	170	1200	0.05	0.03	0.07	94.44	25.68	1	1	1	97.08
2	300	800	0.2	0.04	0.08	46.88	28	6	1	6	97.00
2	200	571.43	0.08	0.025	0.08	175.00	45	6	2	1	97.00
2	400	2000	0.15	0.05	0.085	26.67	41.5	6	1	6	97
2	140	1000	0.05	0.03	0.07	93.33	25.68	1	1	1	96.95
2	180	1300	0.05	0.03	0.07	92.31	25.68	1	1	1	96.95
2	400	750	0.0907	0.03	0.08	196.01	38.5	1	1	4	96.94
2	350	1200	0.13	0.03	0.07	74.79	41	2	1	1	96.9
2	250	1600	0.13	0.06	0.07	20.03	41	2	1	1	96.9
2	250	475	0.13	0.09	0.07	44.98	41	2	1	1	96.9
2	360	600	0.111	0.03	0.08	180.18	38.5	1	1	4	96.88
2	150	1000	0.05	0.05	0.115	60.00	47.5	6	4	6	96.81
2	350	1200	0.13	0.03	0.07	74.79	41	2	1	1	96.8
2	250	600	0.13	0.06	0.07	53.42	41	2	1	1	96.7
2	350	1100	0.07	0.03	0.08	151.52	41.5	1	1	1	96.68
2	180	1400	0.05	0.03	0.07	85.71	25.68	1	1	1	96.66
2	300	1000	0.1	0.06	0.08	50.00	28	6	1	6	96.63
2	140	600	0.05	0.03	0.07	155.56	25.68	1	1	1	96.55
2	400	900	0.0878	0.03	0.08	168.73	38.5	1	1	4	96.51
2	250	2400	0.13	0.03	0.07	26.71	41	2	1	1	96.5
2	175	1025	0.0525	0.03	0.15	108.40	35	1	1	3	96.5
2	170	1300	0.05	0.03	0.07	87.18	25.68	1	1	1	96.47
2	170	700	0.05	0.03	0.07	161.90	25.68	1	1	1	96.34
2	788	500	0.35	0.06	0.1	75.05	40	6	1	6	96.29
2	160	1200	0.05	0.03	0.07	88.89	25.68	1	1	1	96.25
2	300	1500	0.15	0.05	0.085	26.67	41.5	6	1	6	96.2
2	150	1000	0.05	0.05	0.115	60.00	47.5	6	4	6	96.18
2	180	700	0.05	0.03	0.07	171.43	25.68	1	1	1	96.10
2	350	1100	0.1	0.03	0.08	106.06	41.5	1	1	1	96.08
2	150	1100	0.05	0.03	0.07	90.91	25.68	1	1	1	96.05
2	150	600	0.05	0.03	0.07	166.67	25.68	1	1	1	95.99
2	250	800	0.15	0.06	0.08	34.72	28	6	1	6	95.88
2	250	700	0.13	0.06	0.07	45.79	41	2	1	1	95.8
2	463	1099	0.3	0.06	0.1	23.41	40	6	1	6	95.78
2	250	400	0.13	0.09	0.07	53.42	41	2	1	1	95.7
2	625	1400	0.35	0.06	0.1	21.26	40	6	1	6	95.67
2	160	600	0.05	0.03	0.07	177.78	25.68	1	1	1	95.65
2	150	1200	0.05	0.03	0.07	83.33	25.68	1	1	1	95.64
2	250	2600	0.13	0.03	0.07	24.65	41	2	1	1	95.6
2	140	1100	0.05	0.03	0.07	84.85	25.68	1	1	1	95.59
2	400	600	0.1164	0.03	0.08	190.91	38.5	1	1	4	95.58
2	250	325	0.13	0.09	0.07	65.75	41	2	1	1	95.4
2	170	600	0.05	0.03	0.07	188.89	25.68	1	1	1	95.38
2	180	1500	0.05	0.03	0.07	80.00	25.68	1	1	1	95.22
2	170	1400	0.05	0.03	0.07	80.95	25.68	1	1	1	95.21
2	250	500	0.13	0.06	0.07	64.10	41	2	1	1	95.2
2	200	1000	0.15	0.04	0.08	33.33	28	6	1	6	95.13
2	180	600	0.05	0.03	0.07	200.00	25.68	1	1	1	95.11
2	140	500	0.05	0.03	0.07	186.67	25.68	1	1	1	95.10
2	160	1300	0.05	0.03	0.07	82.05	25.68	1	1	1	95.05
2	625	2000	0.3	0.06	0.1	17.36	40	6	1	6	94.83
2	150	500	0.05	0.03	0.07	200.00	25.68	1	1	1	94.81
2	463	1099	0.3	0.06	0.1	23.41	40	6	1	6	94.72
2	300	800	0.3	0.06	0.1	20.83	40	6	1	6	94.68
2	788	1700	0.4	0.06	0.1	19.31	40	6	1	6	94.67
2	250	250	0.13	0.09	0.07	85.47	41	2	1	1	94.6
2	140	400	0.05	0.03	0.07	233.33	25.68	1	1	1	94.52
2	150	1200	0.13	0.03	0.07	32.05	41	2	1	1	94.5
2	250	400	0.13	0.06	0.07	80.13	41	2	1	1	94.5
2	250	1800	0.13	0.06	0.07	17.81	41	2	1	1	94.5
2	175	1675	0.0975	0.03	0.15	35.72	35	1	1	3	94.5
2	150	1350	0.075	0.03	0.15	49.38	35	1	1	3	94.5
2	180	1600	0.05	0.03	0.07	75.00	25.68	1	1	1	94.42
2	140	1200	0.05	0.03	0.07	77.78	25.68	1	1	1	94.41
2	150	1200	0.13	0.03	0.07	32.05	41	2	1	1	94.4
2	200	800	0.1	0.02	0.08	125.00	28	6	1	6	94.38
2	788	2300	0.35	0.06	0.1	16.31	40	6	1	6	94.33
2	160	1400	0.05	0.03	0.07	76.19	25.68	1	1	1	94.33
2	160	500	0.05	0.03	0.07	213.33	25.68	1	1	1	94.31
2	463	1700	0.4	0.06	0.1	11.35	40	6	1	6	94.25
2	170	1500	0.05	0.03	0.07	75.56	25.68	1	1	1	94.25
2	150	1300	0.05	0.03	0.07	76.92	25.68	1	1	1	94.22
2	300	1400	0.35	0.06	0.1	10.20	40	6	1	6	93.94
2	170	500	0.05	0.03	0.07	226.67	25.68	1	1	1	93.87
2	788	500	0.35	0.06	0.1	75.05	40	6	1	6	93.86
2	250	300	0.13	0.03	0.07	213.68	41	2	1	1	93.7
2	250	2800	0.13	0.03	0.07	22.89	41	2	1	1	93.7
2	175	1675	0.0525	0.03	0.15	66.33	35	1	1	3	93.6
2	140	1300	0.05	0.03	0.07	71.79	25.68	1	1	1	93.56
2	250	1400	0.13	0.09	0.07	15.26	41	2	1	1	93.5
2	160	1500	0.05	0.03	0.07	71.11	25.68	1	1	1	93.45
2	150	400	0.05	0.03	0.07	250.00	25.68	1	1	1	93.43
2	170	1600	0.05	0.03	0.07	70.83	25.68	1	1	1	93.40
2	250	400	0.13	0.03	0.07	160.26	41	2	1	1	93.3
2	250	600	0.13	0.03	0.07	106.84	41	2	1	1	93.3
2	463	2300	0.35	0.06	0.1	9.59	40	6	1	6	93.2
2	175	1675	0.0525	0.03	0.15	66.33	35	1	1	3	93.2
2	150	1400	0.05	0.03	0.07	71.43	25.68	1	1	1	93.16
2	180	500	0.05	0.03	0.07	240.00	25.68	1	1	1	93.13
2	250	200	0.13	0.03	0.07	320.51	41	2	1	1	93
2	250	100	0.13	0.03	0.07	641.03	41	2	1	1	92.9
2	250	1600	0.13	0.09	0.07	13.35	41	2	1	1	92.8
2	180	1700	0.05	0.03	0.07	70.59	25.68	1	1	1	92.73
2	150	1350	0.075	0.03	0.15	49.38	35	1	1	3	92.7
2	160	400	0.05	0.03	0.07	266.67	25.68	1	1	1	92.68
2	200	1200	0.2	0.06	0.08	13.89	28	6	1	6	92.51
2	150	1350	0.075	0.03	0.15	49.38	35	1	1	3	92.5
2	250	3000	0.13	0.03	0.07	21.37	41	2	1	1	92.4
2	170	400	0.05	0.03	0.07	283.33	25.68	1	1	1	92.22
2	140	300	0.05	0.03	0.07	311.11	25.68	1	1	1	91.84
2	160	1600	0.05	0.03	0.07	66.67	25.68	1	1	1	91.66
2	180	400	0.05	0.03	0.07	300.00	25.68	1	1	1	91.63
2	140	1400	0.05	0.03	0.07	66.67	25.68	1	1	1	91.53
2	170	1700	0.05	0.03	0.07	66.67	25.68	1	1	1	91.47
2	150	1500	0.05	0.03	0.07	66.67	25.68	1	1	1	91.07
2	250	3200	0.13	0.03	0.07	20.03	41	2	1	1	91
2	625	1400	0.35	0.06	0.1	21.26	40	6	1	6	90.9
2	125	1025	0.0975	0.03	0.15	41.69	35	1	1	3	90.7
2	125	1025	0.0975	0.03	0.15	41.69	35	1	1	3	90.6
2	160	1700	0.05	0.03	0.07	62.75	25.68	1	1	1	90.58
2	150	300	0.05	0.03	0.07	333.33	25.68	1	1	1	90.48
2	140	1500	0.05	0.03	0.07	62.22	25.68	1	1	1	90.43
2	150	1600	0.05	0.03	0.07	62.50	25.68	1	1	1	90.29
2	160	300	0.05	0.03	0.07	355.56	25.68	1	1	1	90.11
2	150	1350	0.075	0.03	0.15	49.38	35	1	1	3	90.1
2	150	1700	0.05	0.03	0.07	58.82	25.68	1	1	1	89.97
2	150	1350	0.075	0.03	0.15	49.38	35	1	1	3	89.9
2	250	3600	0.13	0.03	0.07	17.81	41	2	1	1	89.8
2	150	700	0.075	0.03	0.15	95.24	35	1	1	3	89.6
2	140	1600	0.05	0.03	0.07	58.33	25.68	1	1	1	89.50
2	150	1350	0.03	0.03	0.15	123.46	35	1	1	3	89.5
2	150	1350	0.12	0.03	0.15	30.86	35	1	1	3	89.2
2	140	1700	0.05	0.03	0.07	54.90	25.68	1	1	1	88.24
2	250	3400	0.13	0.03	0.07	18.85	41	2	1	1	88.2
2	125	1025	0.0525	0.03	0.15	77.43	35	1	1	3	88.2
2	250	4200	0.13	0.03	0.07	15.26	41	2	1	1	87.8
2	300	800	0.3	0.06	0.1	20.83	40	6	1	6	87.24
2	175	1675	0.0975	0.03	0.15	35.72	35	1	1	3	86.9
2	170	300	0.05	0.03	0.07	377.78	25.68	1	1	1	86.34
2	250	1800	0.13	0.09	0.07	11.87	41	2	1	1	86.1
2	125	1025	0.0525	0.03	0.15	77.43	35	1	1	3	85.9
2	625	2000	0.3	0.06	0.1	17.36	40	6	1	6	85.58
2	180	300	0.05	0.03	0.07	400.00	25.68	1	1	1	85.48
2	300	2000	0.15	0.05	0.085	20.00	41.5	6	1	6	85.4
2	788	1700	0.4	0.06	0.1	19.31	40	6	1	6	85.02
1	259	200	800	0.1	0.03	0.07	35.50	1	2	1	99.99
1	241	275	1000	0.12	0.03	0.07	35.50	1	2	1	99.98
1	251	350	1200	0.12	0.03	0.07	35.50	1	2	1	99.98
1	258	200	800	0.08	0.03	0.07	35.50	1	2	1	99.98
1	260	200	800	0.12	0.03	0.07	35.50	1	2	1	99.97
1	249	350	800	0.12	0.03	0.07	35.50	1	2	1	99.93
1	339	175	700	0.08	0.03	0.1	27.82	1	1	2	99.93
1	230	200	600	0.12	0.03	0.07	35.50	1	2	1	99.92
1	240	275	800	0.12	0.03	0.07	35.50	1	2	1	99.91
1	261	200	800	0.14	0.03	0.07	35.50	1	2	1	99.91
1	60	175	668	0.12	0.03	0.1	36.00	1	1	1	99.90
1	226	125	600	0.12	0.03	0.07	35.50	1	2	1	99.90
1	239	275	600	0.12	0.03	0.07	35.50	1	2	1	99.90
1	250	350	1000	0.12	0.03	0.07	35.50	1	2	1	99.90
1	231	200	800	0.12	0.03	0.07	35.50	1	2	1	99.89
1	232	200	1000	0.12	0.03	0.07	35.50	1	2	1	99.88
1	340	175	900	0.08	0.03	0.1	27.82	1	1	2	99.88
1	243	275	1400	0.12	0.03	0.07	35.50	1	2	1	99.87
1	73	150	781	0.08	0.03	0.085	30.37	1	1	7	99.84
1	75	150	446	0.14	0.03	0.085	30.37	1	1	7	99.84
1	262	200	800	0.16	0.03	0.07	35.50	1	2	1	99.84
1	233	200	1200	0.12	0.03	0.07	35.50	1	2	1	99.83
1	78	130	700	0.06	0.02	0.055	30.00	2	2	3	99.81
1	252	350	1400	0.12	0.03	0.07	35.50	1	2	1	99.78
1	242	275	1200	0.12	0.03	0.07	35.50	1	2	1	99.77
1	80	130	700	0.06	0.02	0.055	30.00	2	2	3	99.75
1	248	350	600	0.12	0.03	0.07	35.50	1	2	1	99.74
1	72	175	750	0.12	0.03	0.085	30.37	1	1	7	99.73
1	338	175	500	0.08	0.03	0.1	27.82	1	1	2	99.73
1	253	350	1800	0.12	0.03	0.07	35.50	1	2	1	99.71
1	344	200	900	0.08	0.03	0.1	27.82	1	1	2	99.71
1	74	200	1042	0.08	0.03	0.085	30.37	1	1	7	99.70
1	343	200	700	0.08	0.03	0.1	27.82	1	1	2	99.66
1	244	275	1800	0.12	0.03	0.07	35.50	1	2	1	99.62
1	334	150	500	0.08	0.03	0.1	27.82	1	1	2	99.62
1	348	200	1100	0.04	0.03	0.1	27.82	1	1	2	99.62
1	335	150	700	0.08	0.03	0.1	27.82	1	1	2	99.59
1	109	175	18.76	0.056	0.4	0.075	35.00	1	1	7	99.54
1	283	200	510.99	0.076	0.05	0.07	30	7	3	4	99.52
1	36	100	925	0.06	0.02	0.05	35.50	7	4	3	99.52
1	227	125	800	0.12	0.03	0.07	35.50	1	2	1	99.51
1	282	200	377.04	0.103	0.05	0.07	30	7	3	4	99.50
1	229	200	400	0.12	0.03	0.07	35.50	1	2	1	99.49
1	271	200	684.81	0.099	0.05	0.07	30	7	3	4	99.49
1	273	200	658.22	0.103	0.05	0.07	30	7	3	4	99.46
1	274	200	658.22	0.103	0.05	0.07	30	7	3	4	99.46
1	293	200	296.30	0.075	0.05	0.07	30	7	3	4	99.46
1	254	350	2200	0.12	0.03	0.07	35.50	1	2	1	99.46
1	14	100	111	0.12	0.05	0.2	40.80	1	1	6	99.45
1	37	100	694	0.08	0.02	0.05	35.50	7	4	3	99.44
1	234	200	1400	0.12	0.03	0.07	35.50	1	2	1	99.44
1	284	200	510.99	0.076	0.05	0.07	30	7	3	4	99.41
1	25	100	700	0.08	0.02	0.05	35.50	7	4	3	99.40
1	108	125	21.44	0.056	0.35	0.075	35.00	1	1	7	99.40
1	269	200	560.30	0.121	0.05	0.07	30	7	3	4	99.36
1	294	200	296.30	0.075	0.05	0.07	30	7	3	4	99.36
1	345	200	1100	0.08	0.03	0.1	27.82	1	1	2	99.36
1	349	200	1100	0.08	0.03	0.1	27.82	1	1	2	99.36
1	351	200	1100	0.08	0.03	0.1	27.82	1	1	2	99.36
1	181	150	400	0.08	0.03	0.07	17.00	7	1	7	99.35
1	272	200	684.81	0.099	0.05	0.07	30	7	3	4	99.35
1	270	200	560.30	0.121	0.05	0.07	30	7	3	4	99.31
1	275	150	350.92	0.083	0.05	0.07	30	7	3	4	99.31
1	56	150	500	0.08	0.04	0.07	30.00	7	1	4 (90)	99.30
1	61	175	668	0.12	0.03	0.1	36.00	1	1	4	99.30
1	337	150	1100	0.08	0.03	0.1	27.82	1	1	2	99.28
1	265	150	420.23	0.121	0.05	0.07	30	7	3	4	99.27
1	279	150	303.40	0.096	0.05	0.07	30	7	3	4	99.27
1	76	200	595	0.14	0.03	0.085	30.37	1	1	7	99.27
1	107	175	26.28	0.056	0.46	0.075	35.00	1	1	7	99.27
1	281	200	377.04	0.103	0.05	0.07	30	7	3	4	99.26
1	35	100	1388	0.04	0.02	0.05	35.50	7	4	3	99.24
1	277	150	251.09	0.116	0.05	0.07	30	7	3	4	99.24
1	280	150	303.40	0.096	0.05	0.07	30	7	3	4	99.22
1	297	200	233.92	0.095	0.05	0.07	30	7	3	4	99.21
1	26	80	700	0.04	0.02	0.05	35.50	7	4	3	99.21
1	336	150	900	0.08	0.03	0.1	27.82	1	1	2	99.21
1	267	150	513.61	0.099	0.05	0.07	30	7	3	4	99.19
1	32	100	925	0.06	0.02	0.05	35.50	7	4	3	99.16
1	24	100	1500	0.04	0.02	0.05	35.50	7	4	3	99.13
1	266	150	420.23	0.121	0.05	0.07	30	7	3	4	99.12
1	225	125	400	0.12	0.03	0.07	35.50	1	2	1	99.09
1	245	275	2200	0.12	0.03	0.07	35.50	1	2	1	99.09
1	39	100	1388	0.04	0.02	0.05	35.50	7	4	3	99.08
1	268	150	513.61	0.099	0.05	0.07	30	7	3	4	99.05
1	23	80	700	0.08	0.02	0.05	35.50	7	4	3	99.02
1	40	100	925	0.06	0.02	0.05	35.50	7	4	3	99.01
1	55	150	400	0.08	0.04	0.07	30.00	7	1	4	99.00
1	62	175	668	0.12	0.03	0.1	36.00	1	1	1	99.00
1	324	180	1400	0.050	0.03	0.05	26	1	1	5	99.00
1	41	100	694	0.08	0.02	0.05	35.50	7	4	3	98.98
1	263	150	498.50	0.102	0.05	0.07	30	7	3	4	98.93
1	286	200	320.95	0.121	0.05	0.07	30	7	3	4	98.93
1	101	175	26.28	0.018	0.46	0.075	35.00	1	1	7	98.93
1	172	150	400	0.08	0.03	0.07	17.00	7	1	7	98.93
1	264	150	498.50	0.102	0.05	0.07	30	7	3	4	98.92
1	28	100	700	0.04	0.02	0.05	35.50	7	4	3	98.92
1	31	100	1388	0.04	0.02	0.05	35.50	7	4	3	98.92
1	38	100	462	0.12	0.02	0.05	35.50	7	4	3	98.90
1	104	175	26.28	0.037	0.46	0.075	35.00	1	1	7	98.85
1	33	100	694	0.08	0.02	0.05	35.50	7	4	3	98.84
1	190	150	400	0.09	0.03	0.07	17.00	7	1	7	98.76
1	341	175	1100	0.08	0.03	0.1	27.82	1	1	2	98.76
1	238	275	400	0.12	0.03	0.07	35.50	1	2	1	98.74
1	91	225	700	0.09	0.02	0.08	38.00	7	1	7	98.73
1	285	200	320.95	0.121	0.05	0.07	30	7	3	4	98.72
1	71	150	750	0.12	0.03	0.085	30.37	1	1	7	98.72
1	90	300	1000	0.09	0.02	0.08	38.00	7	1	7	98.71
1	99	225	1000	0.09	0.02	0.08	38.00	7	1	7	98.71
1	98	225	1000	0.09	0.02	0.08	38.00	7	1	7	98.68
1	100	225	1000	0.09	0.02	0.08	38.00	7	1	7	98.67
1	95	225	1000	0.09	0.02	0.08	38.00	7	1	7	98.65
1	276	150	350.92	0.083	0.05	0.07	30	7	3	4	98.65
1	84	269.6	1178.4	0.07	0.02	0.08	38.00	7	1	7	98.63
1	96	225	1000	0.09	0.02	0.08	38.00	7	1	7	98.63
1	82	269.6	821.6	0.07	0.02	0.08	38.00	7	1	7	98.62
1	97	225	1000	0.09	0.02	0.08	38.00	7	1	7	98.62
1	85	180.4	821.6	0.11	0.02	0.08	38.00	7	1	7	98.61
1	16	100	111	0.12	0.05	0.2	40.80	1	1	6	98.60
1	346	200	1300	0.08	0.03	0.1	27.82	1	1	2	98.54
1	86	269.6	821.6	0.11	0.02	0.08	38.00	7	1	7	98.53
1	44	100	591	0.07	0.03	0.09	38.00	1	1	4	98.50
1	34	100	462	0.12	0.02	0.05	35.50	7	4	3	98.46
1	210	140	800	0.07	0.02	0.075	23.60	2	3	4	98.44
1	93	225	1000	0.06	0.02	0.08	38.00	7	1	7	98.43
1	27	80	300	0.08	0.02	0.05	35.50	7	4	3	98.38
1	88	269.6	1178.4	0.11	0.02	0.08	38.00	7	1	7	98.38
1	89	150	1000	0.09	0.02	0.08	38.00	7	1	7	98.37
1	92	225	1300	0.09	0.02	0.08	38.00	7	1	7	98.37
1	228	200	200	0.12	0.03	0.07	35.50	1	2	1	98.35
1	22	80	1500	0.04	0.02	0.05	35.50	7	4	3	98.33
1	94	225	1000	0.12	0.02	0.08	38.00	7	1	7	98.33
1	81	180.4	821.6	0.07	0.02	0.08	38.00	7	1	7	98.31
1	289	150	183.15	0.091	0.05	0.07	30	7	3	4	98.31
1	18	150	150	0.09	0.05	0.035	30.00	1	2	7	98.30
1	217	160	1000	0.07	0.02	0.075	23.60	2	3	4	98.28
1	83	180.4	1178.4	0.07	0.02	0.08	38.00	7	1	7	98.25
1	87	180.4	1178.4	0.11	0.02	0.08	38.00	7	1	7	98.25
1	182	150	450	0.08	0.03	0.07	17.00	7	1	7	98.23
1	192	150	600	0.06	0.03	0.07	17.00	7	1	7	98.23
1	197	160	800	0.07	0.03	0.075	23.60	2	3	4	98.23
1	331	200	750	0.11	0.05	0.07	26.25	7	1	4	98.21
1	57	150	600	0.08	0.04	0.07	30.00	7	1	4	98.20
1	102	125	21.44	0.018	0.35	0.075	35.00	1	1	7	98.15
1	287	150	157.23	0.106	0.05	0.07	30	7	3	4	98.13
1	21	100	1700	0.06	0.02	0.05	35.50	7	4	3	98.12
1	278	150	251.09	0.116	0.05	0.07	30	7	3	4	98.08
1	296	200	238.95	0.093	0.05	0.07	30	7	3	4	98.02
1	106	175	18.76	0.037	0.4	0.075	35.00	1	1	7	98.02
1	13	100	167	0.12	0.05	0.2	40.80	1	1	6	98.00
1	46	100	400	0.1	0.03	0.09	38.00	1	1	4	98.00
1	63	175	668	0.12	0.03	0.1	36.00	1	1	3	98.00
1	352	200	1100	0.08	0.04	0.1	27.82	1	1	2	97.93
1	64	200	2000	0.06	0.03	0.07	14.63	1	3	4 (90)	97.92
1	298	200	233.92	0.095	0.05	0.07	30	7	3	4	97.88
1	183	150	500	0.08	0.03	0.07	17.00	7	1	7	97.87
1	191	150	400	0.1	0.03	0.07	17.00	7	1	7	97.87
1	42	100	462	0.12	0.02	0.05	35.50	7	4	3	97.85
1	103	175	18.76	0.018	0.4	0.075	35.00	1	1	7	97.80
1	306	107	1400	0.050	0.03	0.05	26	1	1	5	97.74
1	307	120	800	0.050	0.03	0.05	26	1	1	5	97.74
1	308	120	800	0.050	0.03	0.05	26	1	1	5	97.74
1	309	120	800	0.050	0.04	0.05	26	1	1	5	97.74
1	312	120	1100	0.050	0.04	0.05	26	1	1	5	97.74
1	316	120	1400	0.050	0.04	0.05	26	1	1	5	97.74
1	318	120	1700	0.050	0.03	0.05	26	1	1	5	97.74
1	322	160	1000	0.050	0.03	0.05	26	1	1	5	97.74
1	323	160	2000	0.050	0.03	0.05	26	1	1	5	97.74
1	325	180	1400	0.050	0.03	0.05	26	1	1	5	97.74
1	326	180	1400	0.050	0.04	0.05	26	1	1	5	97.74
1	327	200	1400	0.050	0.03	0.05	26	1	1	5	97.74
1	328	240	2800	0.050	0.03	0.05	26	1	1	5	97.74
1	221	140	1000	0.06	0.02	0.075	23.60	2	3	4	97.73
1	2	100	250	0.114	0.05	0.2	40.80	1	1	6	97.70
1	347	200	1500	0.08	0.03	0.1	27.82	1	1	2	97.70
1	105	125	21.44	0.037	0.35	0.075	35.00	1	1	7	97.65
1	29	100	300	0.08	0.02	0.05	35.50	7	4	3	97.63
1	350	200	1100	0.12	0.03	0.1	27.82	1	1	2	97.63
1	353	200	1100	0.08	0.05	0.1	27.82	1	1	2	97.62
1	45	100	600	0.08	0.03	0.09	38.00	1	1	4	97.60
1	333	200	698	0.11	0.05	0.07	26.25	7	1	4	97.50
1	196	140	1000	0.08	0.02	0.075	23.60	2	3	4	97.49
1	69	150	714	0.14	0.03	0.085	30.37	1	1	7	97.46
1	356	125	1100	0.08	0.03	0.1	27.82	1	1	2	97.40
1	68	200	1667	0.08	0.03	0.085	30.37	1	1	7	97.38
1	292	150	219.30	0.076	0.05	0.07	30	7	3	4	97.37
1	30	80	300	0.04	0.02	0.05	35.50	7	4	3	97.36
1	70	200	952	0.14	0.03	0.085	30.37	1	1	7	97.35
1	290	150	183.15	0.091	0.05	0.07	30	7	3	4	97.32
1	330	200	577	0.11	0.05	0.07	26.25	7	1	4	97.23
1	66	200	2000	0.06	0.03	0.07	14.63	1	3	4 (90)	97.22
1	43	100	400	0.03	0.03	0.09	38.00	1	1	4	97.20
1	5	100	120	0.111	0.05	0.2	40.80	1	1	6	97.14
1	205	140	800	0.06	0.03	0.075	23.60	2	3	4	97.06
1	17	150	125	0.09	0.05	0.035	30.00	1	2	7	97.00
1	19	150	175	0.09	0.05	0.035	30.00	1	2	7	97.00
1	65	200	2000	0.06	0.03	0.07	14.63	1	3	4 (90)	97.00
1	291	150	219.30	0.076	0.05	0.07	30	7	3	4	96.92
1	207	160	1000	0.06	0.03	0.075	23.60	2	3	4	96.91
1	8	100	239	0.111	0.05	0.2	40.80	1	1	6	96.80
1	224	125	200	0.12	0.03	0.07	35.50	1	2	1	96.79
1	169	120	500	0.08	0.03	0.07	17.00	7	1	7	96.72
1	15	100	111	0.12	0.05	0.2	40.80	1	1	6	96.70
1	177	150	700	0.07	0.03	0.07	17.00	7	1	7	96.68
1	176	150	700	0.06	0.03	0.07	17.00	7	1	7	96.64
1	193	150	600	0.07	0.03	0.07	17.00	7	1	7	96.64
1	342	200	500	0.08	0.03	0.1	27.82	1	1	2	96.64
1	184	150	550	0.08	0.03	0.07	17.00	7	1	7	96.61
1	235	200	1800	0.12	0.03	0.07	35.50	1	2	1	96.60
1	67	150	1250	0.08	0.03	0.085	30.37	1	1	7	96.57
1	246	275	2600	0.12	0.03	0.07	35.50	1	2	1	96.55
1	301	75	1050	0.050	0.03	0.05	26	1	1	5	96.49
1	302	90	1400	0.050	0.03	0.05	26	1	1	5	96.49
1	310	120	800	0.050	0.04	0.05	26	1	1	5	96.49
1	311	120	1100	0.050	0.03	0.05	26	1	1	5	96.49
1	314	120	1400	0.050	0.03	0.05	26	1	1	5	96.49
1	315	120	1400	0.050	0.03	0.05	26	1	1	5	96.49
1	201	140	800	0.08	0.03	0.075	23.60	2	3	4	96.37
1	168	120	300	0.08	0.03	0.07	17.00	7	1	7	96.35
1	223	125	100	0.12	0.03	0.07	35.50	1	2	1	96.35
1	329	175	800	0.11	0.05	0.07	26.25	7	1	4	96.35
1	112	140	900	0.08	0.02	0.05	31.13	7	3	7	96.28
1	11	100	167	0.12	0.05	0.2	40.80	1	1	6	96.20
1	206	160	1000	0.08	0.03	0.075	23.60	2	3	4	96.20
1	185	150	600	0.08	0.03	0.07	17.00	7	1	7	96.13
1	222	120	1000	0.07	0.02	0.075	23.60	2	3	4	96.12
1	12	100	167	0.12	0.05	0.2	40.80	1	1	6	96.10
1	203	140	1200	0.07	0.02	0.075	23.60	2	3	4	96.10
1	50	220	960	0.08	0.04	0.1	46.00	1	1	7	95.90
1	58	150	700	0.08	0.04	0.07	30.00	7	1	4 (90)	95.90
1	48	220	960	0.08	0.04	0.1	46.00	1	1	7	95.80
1	53	220	960	0.08	0.04	0.1	46.00	1	1	7	95.80
1	54	220	960	0.08	0.04	0.1	46.00	1	1	7	95.80
1	6	100	120	0.111	0.05	0.2	40.80	1	1	6	95.70
1	194	150	600	0.09	0.03	0.07	17.00	7	1	7	95.56
1	186	150	700	0.08	0.03	0.07	17.00	7	1	7	95.54
1	49	220	960	0.08	0.04	0.1	46.00	1	1	7	95.50
1	1	100	250	0.114	0.05	0.2	40.80	1	1	6	95.40
1	52	220	960	0.08	0.04	0.1	46.00	1	1	7	95.30
1	165	100	400	0.08	0.03	0.07	17.00	7	1	7	95.24
1	313	120	1100	0.050	0.04	0.05	26	1	1	5	95.24
1	321	120	2000	0.050	0.03	0.05	26	1	1	5	95.24
1	173	150	700	0.08	0.03	0.07	17.00	7	1	7	95.23
1	51	220	960	0.08	0.04	0.1	46.00	1	1	7	95.20
1	180	150	350	0.08	0.03	0.07	17.00	7	1	7	95.12
1	255	350	2600	0.12	0.03	0.07	35.50	1	2	1	95.09
1	189	150	400	0.07	0.03	0.07	17.00	7	1	7	95.05
1	139	160	800	0.08	0.02	0.05	31.13	7	3	7	95.04
1	288	150	157.23	0.106	0.05	0.07	30	7	3	4	95.00
1	204	120	800	0.07	0.03	0.075	23.60	2	3	4	94.94
1	202	140	1000	0.07	0.03	0.075	23.60	2	3	4	94.93
1	257	350	3400	0.12	0.03	0.07	35.50	1	2	1	94.90
1	214	140	800	0.07	0.04	0.075	23.60	2	3	4	94.72
1	211	140	1000	0.07	0.03	0.075	23.60	2	3	4	94.68
1	295	200	238.95	0.093	0.05	0.07	30	7	3	4	94.65
1	215	140	1000	0.07	0.03	0.075	23.60	2	3	4	94.53
1	178	150	700	0.09	0.03	0.07	17.00	7	1	7	94.53
1	256	350	3000	0.12	0.03	0.07	35.50	1	2	1	94.40
1	219	160	1200	0.07	0.03	0.075	23.60	2	3	4	94.34
1	7	100	120	0.111	0.05	0.2	40.80	1	1	6	94.30
1	199	160	1000	0.07	0.04	0.075	23.60	2	3	4	94.29
1	195	150	600	0.1	0.03	0.07	17.00	7	1	7	94.26
1	236	200	2200	0.12	0.03	0.07	35.50	1	2	1	94.23
1	79	70	1200	0.06	0.02	0.055	30.00	2	2	3	94.07
1	317	120	1400	0.050	0.04	0.05	26	1	1	5	93.98
1	319	120	1700	0.050	0.03	0.05	26	1	1	5	93.98
1	4	100	175	0.114	0.05	0.2	40.80	1	1	6	93.90
1	3	100	250	0.114	0.05	0.2	40.80	1	1	6	93.80
1	10	100	239	0.12	0.05	0.2	40.80	1	1	6	93.80
1	354	200	1100	0.08	0.06	0.1	27.82	1	1	2	93.80
1	77	70	1200	0.06	0.02	0.055	30.00	2	2	3	93.73
1	212	120	1000	0.06	0.03	0.075	23.60	2	3	4	93.57
1	247	275	3000	0.12	0.03	0.07	35.50	1	2	1	93.52
1	138	140	800	0.08	0.02	0.05	31.13	7	3	7	93.39
1	198	140	1200	0.06	0.03	0.075	23.60	2	3	4	93.33
1	20	150	200	0.09	0.05	0.035	30.00	1	2	7	93.30
1	188	150	400	0.06	0.03	0.07	17.00	7	1	7	93.16
1	187	150	800	0.08	0.03	0.07	17.00	7	1	7	93.13
1	200	140	1000	0.06	0.04	0.075	23.60	2	3	4	92.86
1	304	107	1400	0.050	0.03	0.05	26	1	1	5	92.73
1	320	120	1700	0.050	0.04	0.05	26	1	1	5	92.73
1	355	100	1100	0.08	0.03	0.1	27.82	1	1	2	92.70
1	9	100	239	0.12	0.05	0.2	40.80	1	1	6	92.40
1	131	150	800	0.09	0.02	0.05	31.13	7	3	7	92.08
1	213	140	1000	0.08	0.04	0.075	23.60	2	3	4	91.85
1	59	150	800	0.08	0.04	0.07	30.00	7	1	4	91.70
1	208	140	1200	0.08	0.03	0.075	23.60	2	3	4	91.52
1	47	100	400	0.15	0.03	0.09	38.00	1	1	4	91.20
1	220	120	1000	0.08	0.03	0.075	23.60	2	3	4	91.12
1	358	175	700	0.04	0.03	0.1	27.82	1	1	2	91.03
1	332	150	800	0.11	0.05	0.07	26.25	7	1	4	90.78
1	218	120	1200	0.07	0.03	0.075	23.60	2	3	4	90.70
1	357	150	500	0.04	0.03	0.1	27.82	1	1	2	90.48
1	148	150	700	0.08	0.03	0.05	31.13	7	3	7	90.41
1	146	150	700	0.08	0.03	0.05	31.13	7	3	7	90.36
1	237	200	2600	0.12	0.03	0.07	35.50	1	2	1	90.22
1	142	150	700	0.08	0.03	0.05	31.13	7	3	7	90.18
1	134	140	800	0.08	0.02	0.05	31.13	7	3	7	90.17
1	209	120	1000	0.07	0.04	0.075	23.60	2	3	4	89.61
1	111	160	700	0.08	0.02	0.05	31.13	7	3	7	89.59
1	179	150	700	0.1	0.03	0.07	17.00	7	1	7	89.50
1	126	150	800	0.07	0.02	0.05	31.13	7	3	7	89.49
1	164	100	250	0.08	0.03	0.07	17.00	7	1	7	89.31
1	216	140	1200	0.07	0.04	0.075	23.60	2	3	4	89.25
1	158	150	800	0.08	0.03	0.05	31.13	7	3	7	89.24
1	113	160	900	0.08	0.02	0.05	31.13	7	3	7	89.19
1	132	150	800	0.07	0.04	0.05	31.13	7	3	7	89.11
1	155	160	800	0.07	0.03	0.05	31.13	7	3	7	89.06
1	303	90	1400	0.050	0.04	0.05	26	1	1	5	88.97
1	170	120	700	0.08	0.03	0.07	17.00	7	1	7	88.74
1	154	140	800	0.07	0.03	0.05	31.13	7	3	7	88.49
1	130	150	800	0.07	0.02	0.05	31.13	7	3	7	88.29
1	110	140	700	0.08	0.02	0.05	31.13	7	3	7	87.92
1	174	150	1000	0.08	0.03	0.07	17.00	7	1	7	87.78
1	299	30	300	0.050	0.03	0.05	26	1	1	5	87.72
1	149	150	900	0.08	0.03	0.05	31.13	7	3	7	87.71
1	137	160	800	0.08	0.04	0.05	31.13	7	3	7	87.64
1	151	160	800	0.07	0.03	0.05	31.13	7	3	7	87.11
1	127	150	800	0.09	0.02	0.05	31.13	7	3	7	86.52
1	143	150	900	0.08	0.03	0.05	31.13	7	3	7	86.38
1	159	150	800	0.08	0.03	0.05	31.13	7	3	7	86.38
1	114	140	700	0.08	0.04	0.05	31.13	7	3	7	86.31
1	171	120	900	0.08	0.03	0.07	17.00	7	1	7	86.27
1	115	160	700	0.08	0.04	0.05	31.13	7	3	7	86.25
1	122	150	700	0.07	0.03	0.05	31.13	7	3	7	86.09
1	118	150	700	0.07	0.03	0.05	31.13	7	3	7	85.95
1	166	100	550	0.08	0.03	0.07	17.00	7	1	7	85.93
1	167	100	700	0.08	0.03	0.07	17.00	7	1	7	85.93
1	123	150	900	0.07	0.03	0.05	31.13	7	3	7	85.89
1	156	140	800	0.09	0.03	0.05	31.13	7	3	7	85.47
1	305	107	1400	0.050	0.04	0.05	26	1	1	5	85.21
1	163	150	800	0.08	0.03	0.05	31.13	7	3	7	85.10
											
											
											
											
											
											
											
