Power	Speed 	Hatch 	Thickness	Spot	Energy	PSD 	Atmosphere	 Geometry	 Strategy	RD
200	800	0.1	0.03	0.07	83.33	35.50	1	2	1	99.99
275	1000	0.12	0.03	0.07	76.39	35.50	1	2	1	99.98
350	1200	0.12	0.03	0.07	81.02	35.50	1	2	1	99.98
200	800	0.08	0.03	0.07	104.17	35.50	1	2	1	99.98
200	800	0.12	0.03	0.07	69.44	35.50	1	2	1	99.97
350	800	0.12	0.03	0.07	121.53	35.50	1	2	1	99.93
175	700	0.08	0.03	0.1	104.17	27.82	1	1	2	99.93
200	600	0.12	0.03	0.07	92.59	35.50	1	2	1	99.92
275	800	0.12	0.03	0.07	95.49	35.50	1	2	1	99.91
200	800	0.14	0.03	0.07	59.52	35.50	1	2	1	99.91
175	668	0.12	0.03	0.1	72.77	36.00	1	1	1	99.90
125	600	0.12	0.03	0.07	57.87	35.50	1	2	1	99.90
275	600	0.12	0.03	0.07	127.31	35.50	1	2	1	99.90
350	1000	0.12	0.03	0.07	97.22	35.50	1	2	1	99.90
200	800	0.12	0.03	0.07	69.44	35.50	1	2	1	99.89
200	1000	0.12	0.03	0.07	55.56	35.50	1	2	1	99.88
175	900	0.08	0.03	0.1	81.02	27.82	1	1	2	99.88
275	1400	0.12	0.03	0.07	54.56	35.50	1	2	1	99.87
150	781	0.08	0.03	0.085	80.03	30.37	1	1	7	99.84
150	446	0.14	0.03	0.085	80.08	30.37	1	1	7	99.84
200	800	0.16	0.03	0.07	52.08	35.50	1	2	1	99.84
200	1200	0.12	0.03	0.07	46.30	35.50	1	2	1	99.83
130	700	0.06	0.02	0.055	154.76	30.00	2	2	3	99.81
350	1400	0.12	0.03	0.07	69.44	35.50	1	2	1	99.78
275	1200	0.12	0.03	0.07	63.66	35.50	1	2	1	99.77
130	700	0.06	0.02	0.055	154.76	30.00	2	2	3	99.75
350	600	0.12	0.03	0.07	162.04	35.50	1	2	1	99.74
175	750	0.12	0.03	0.085	64.81	30.37	1	1	7	99.73
175	500	0.08	0.03	0.1	145.83	27.82	1	1	2	99.73
350	1800	0.12	0.03	0.07	54.01	35.50	1	2	1	99.71
200	900	0.08	0.03	0.1	92.59	27.82	1	1	2	99.71
200	1042	0.08	0.03	0.085	79.97	30.37	1	1	7	99.70
200	700	0.08	0.03	0.1	119.05	27.82	1	1	2	99.66
275	1800	0.12	0.03	0.07	42.44	35.50	1	2	1	99.62
150	500	0.08	0.03	0.1	125.00	27.82	1	1	2	99.62
200	1100	0.04	0.03	0.1	151.52	27.82	1	1	2	99.62
150	700	0.08	0.03	0.1	89.29	27.82	1	1	2	99.59
175	18.76	0.056	0.4	0.075	416.44	35.00	1	1	7	99.54
200	510.99	0.076	0.05	0.07	103	30	7	3	4	99.52
100	925	0.06	0.02	0.05	90.09	35.50	7	4	3	99.52
125	800	0.12	0.03	0.07	43.40	35.50	1	2	1	99.51
200	377.04	0.103	0.05	0.07	103	30	7	3	4	99.50
200	400	0.12	0.03	0.07	138.89	35.50	1	2	1	99.49
200	684.81	0.099	0.05	0.07	59	30	7	3	4	99.49
200	658.22	0.103	0.05	0.07	59	30	7	3	4	99.46
200	658.22	0.103	0.05	0.07	59	30	7	3	4	99.46
200	296.30	0.075	0.05	0.07	180	30	7	3	4	99.46
350	2200	0.12	0.03	0.07	44.19	35.50	1	2	1	99.46
100	111	0.12	0.05	0.2	150.15	40.80	1	1	6	99.45
100	694	0.08	0.02	0.05	90.06	35.50	7	4	3	99.44
200	1400	0.12	0.03	0.07	39.68	35.50	1	2	1	99.44
200	510.99	0.076	0.05	0.07	103	30	7	3	4	99.41
100	700	0.08	0.02	0.05	89.29	35.50	7	4	3	99.40
125	21.44	0.056	0.35	0.075	297.46	35.00	1	1	7	99.40
200	560.30	0.121	0.05	0.07	59	30	7	3	4	99.36
200	296.30	0.075	0.05	0.07	180	30	7	3	4	99.36
200	1100	0.08	0.03	0.1	75.76	27.82	1	1	2	99.36
200	1100	0.08	0.03	0.1	75.76	27.82	1	1	2	99.36
200	1100	0.08	0.03	0.1	75.76	27.82	1	1	2	99.36
150	400	0.08	0.03	0.07	156.25	17.00	7	1	7	99.35
200	684.81	0.099	0.05	0.07	59	30	7	3	4	99.35
200	560.30	0.121	0.05	0.07	59	30	7	3	4	99.31
150	350.92	0.083	0.05	0.07	103	30	7	3	4	99.31
150	500	0.08	0.04	0.07	93.75	30.00	7	1	4	99.30
175	668	0.12	0.03	0.1	72.77	36.00	1	1	4	99.30
150	1100	0.08	0.03	0.1	56.82	27.82	1	1	2	99.28
150	420.23	0.121	0.05	0.07	59	30	7	3	4	99.27
150	303.40	0.096	0.05	0.07	103	30	7	3	4	99.27
200	595	0.14	0.03	0.085	80.03	30.37	1	1	7	99.27
175	26.28	0.056	0.46	0.075	258.50	35.00	1	1	7	99.27
200	377.04	0.103	0.05	0.07	103	30	7	3	4	99.26
100	1388	0.04	0.02	0.05	90.06	35.50	7	4	3	99.24
150	251.09	0.116	0.05	0.07	103	30	7	3	4	99.24
150	303.40	0.096	0.05	0.07	103	30	7	3	4	99.22
200	233.92	0.095	0.05	0.07	180	30	7	3	4	99.21
80	700	0.04	0.02	0.05	142.86	35.50	7	4	3	99.21
150	900	0.08	0.03	0.1	69.44	27.82	1	1	2	99.21
150	513.61	0.099	0.05	0.07	59	30	7	3	4	99.19
100	925	0.06	0.02	0.05	90.09	35.50	7	4	3	99.16
100	1500	0.04	0.02	0.05	83.33	35.50	7	4	3	99.13
150	420.23	0.121	0.05	0.07	59	30	7	3	4	99.12
125	400	0.12	0.03	0.07	86.81	35.50	1	2	1	99.09
275	2200	0.12	0.03	0.07	34.72	35.50	1	2	1	99.09
100	1388	0.04	0.02	0.05	90.06	35.50	7	4	3	99.08
150	513.61	0.099	0.05	0.07	59	30	7	3	4	99.05
80	700	0.08	0.02	0.05	71.43	35.50	7	4	3	99.02
100	925	0.06	0.02	0.05	90.09	35.50	7	4	3	99.01
150	400	0.08	0.04	0.07	117.19	30.00	7	1	4	99.00
175	668	0.12	0.03	0.1	72.77	36.00	1	1	1	99.00
180	1400	0.050	0.03	0.05	85.71	26	1	1	5	99.00
100	694	0.08	0.02	0.05	90.06	35.50	7	4	3	98.98
150	498.50	0.102	0.05	0.07	59	30	7	3	4	98.93
200	320.95	0.121	0.05	0.07	103	30	7	3	4	98.93
175	26.28	0.018	0.46	0.075	804.23	35.00	1	1	7	98.93
150	400	0.08	0.03	0.07	156.25	17.00	7	1	7	98.93
150	498.50	0.102	0.05	0.07	59	30	7	3	4	98.92
100	700	0.04	0.02	0.05	178.57	35.50	7	4	3	98.92
100	1388	0.04	0.02	0.05	90.06	35.50	7	4	3	98.92
100	462	0.12	0.02	0.05	90.19	35.50	7	4	3	98.90
175	26.28	0.037	0.46	0.075	391.25	35.00	1	1	7	98.85
100	694	0.08	0.02	0.05	90.06	35.50	7	4	3	98.84
150	400	0.09	0.03	0.07	138.89	17.00	7	1	7	98.76
175	1100	0.08	0.03	0.1	66.29	27.82	1	1	2	98.76
275	400	0.12	0.03	0.07	190.97	35.50	1	2	1	98.74
225	700	0.09	0.02	0.08	178.57	38.00	7	1	7	98.73
200	320.95	0.121	0.05	0.07	103	30	7	3	4	98.72
150	750	0.12	0.03	0.085	55.56	30.37	1	1	7	98.72
300	1000	0.09	0.02	0.08	166.67	38.00	7	1	7	98.71
225	1000	0.09	0.02	0.08	125.00	38.00	7	1	7	98.71
225	1000	0.09	0.02	0.08	125.00	38.00	7	1	7	98.68
225	1000	0.09	0.02	0.08	125.00	38.00	7	1	7	98.67
225	1000	0.09	0.02	0.08	125.00	38.00	7	1	7	98.65
150	350.92	0.083	0.05	0.07	103	30	7	3	4	98.65
269.6	1178.4	0.07	0.02	0.08	163.42	38.00	7	1	7	98.63
225	1000	0.09	0.02	0.08	125.00	38.00	7	1	7	98.63
269.6	821.6	0.07	0.02	0.08	234.39	38.00	7	1	7	98.62
225	1000	0.09	0.02	0.08	125.00	38.00	7	1	7	98.62
180.4	821.6	0.11	0.02	0.08	99.81	38.00	7	1	7	98.61
100	111	0.12	0.05	0.2	150.15	40.80	1	1	6	98.60
200	1300	0.08	0.03	0.1	64.10	27.82	1	1	2	98.54
269.6	821.6	0.11	0.02	0.08	149.15	38.00	7	1	7	98.53
100	591	0.07	0.03	0.09	80.57	38.00	1	1	4	98.50
100	462	0.12	0.02	0.05	90.19	35.50	7	4	3	98.46
140	800	0.07	0.02	0.075	125.00	23.60	2	3	4	98.44
225	1000	0.06	0.02	0.08	187.50	38.00	7	1	7	98.43
80	300	0.08	0.02	0.05	166.67	35.50	7	4	3	98.38
269.6	1178.4	0.11	0.02	0.08	103.99	38.00	7	1	7	98.38
150	1000	0.09	0.02	0.08	83.33	38.00	7	1	7	98.37
225	1300	0.09	0.02	0.08	96.15	38.00	7	1	7	98.37
200	200	0.12	0.03	0.07	277.78	35.50	1	2	1	98.35
80	1500	0.04	0.02	0.05	66.67	35.50	7	4	3	98.33
225	1000	0.12	0.02	0.08	93.75	38.00	7	1	7	98.33
180.4	821.6	0.07	0.02	0.08	156.84	38.00	7	1	7	98.31
150	183.15	0.091	0.05	0.07	180	30	7	3	4	98.31
150	150	0.09	0.05	0.035	222.22	30.00	1	2	7	98.30
160	1000	0.07	0.02	0.075	114.29	23.60	2	3	4	98.28
180.4	1178.4	0.07	0.02	0.08	109.35	38.00	7	1	7	98.25
180.4	1178.4	0.11	0.02	0.08	69.59	38.00	7	1	7	98.25
150	450	0.08	0.03	0.07	138.89	17.00	7	1	7	98.23
150	600	0.06	0.03	0.07	138.89	17.00	7	1	7	98.23
160	800	0.07	0.03	0.075	95.24	23.60	2	3	4	98.23
200	750	0.11	0.05	0.07	48.48	26.25	7	1	4	98.21
150	600	0.08	0.04	0.07	78.13	30.00	7	1	4	98.20
125	21.44	0.018	0.35	0.075	925.43	35.00	1	1	7	98.15
150	157.23	0.106	0.05	0.07	180	30	7	3	4	98.13
100	1700	0.06	0.02	0.05	49.02	35.50	7	4	3	98.12
150	251.09	0.116	0.05	0.07	103	30	7	3	4	98.08
200	238.95	0.093	0.05	0.07	180	30	7	3	4	98.02
175	18.76	0.037	0.4	0.075	630.29	35.00	1	1	7	98.02
100	167	0.12	0.05	0.2	99.80	40.80	1	1	6	98.00
100	400	0.1	0.03	0.09	83.33	38.00	1	1	4	98.00
175	668	0.12	0.03	0.1	72.77	36.00	1	1	3	98.00
200	1100	0.08	0.04	0.1	56.82	27.82	1	1	2	97.93
200	2000	0.06	0.03	0.07	55.56	14.63	1	3	4	97.92
200	233.92	0.095	0.05	0.07	180	30	7	3	4	97.88
150	500	0.08	0.03	0.07	125.00	17.00	7	1	7	97.87
150	400	0.1	0.03	0.07	125.00	17.00	7	1	7	97.87
100	462	0.12	0.02	0.05	90.19	35.50	7	4	3	97.85
175	18.76	0.018	0.4	0.075	1295.61	35.00	1	1	7	97.80
107	1400	0.050	0.03	0.05	50.95	26	1	1	5	97.74
120	800	0.050	0.03	0.05	100	26	1	1	5	97.74
120	800	0.050	0.03	0.05	100	26	1	1	5	97.74
120	800	0.050	0.04	0.05	75	26	1	1	5	97.74
120	1100	0.050	0.04	0.05	54.55	26	1	1	5	97.74
120	1400	0.050	0.04	0.05	42.86	26	1	1	5	97.74
120	1700	0.050	0.03	0.05	47.06	26	1	1	5	97.74
160	1000	0.050	0.03	0.05	106.67	26	1	1	5	97.74
160	2000	0.050	0.03	0.05	53.33	26	1	1	5	97.74
180	1400	0.050	0.03	0.05	85.71	26	1	1	5	97.74
180	1400	0.050	0.04	0.05	64.29	26	1	1	5	97.74
200	1400	0.050	0.03	0.05	95.24	26	1	1	5	97.74
240	2800	0.050	0.03	0.05	57.14	26	1	1	5	97.74
140	1000	0.06	0.02	0.075	116.67	23.60	2	3	4	97.73
100	250	0.114	0.05	0.2	70.18	40.80	1	1	6	97.70
200	1500	0.08	0.03	0.1	55.56	27.82	1	1	2	97.70
125	21.44	0.037	0.35	0.075	450.21	35.00	1	1	7	97.65
100	300	0.08	0.02	0.05	208.33	35.50	7	4	3	97.63
200	1100	0.12	0.03	0.1	50.51	27.82	1	1	2	97.63
200	1100	0.08	0.05	0.1	45.45	27.82	1	1	2	97.62
100	600	0.08	0.03	0.09	69.44	38.00	1	1	4	97.60
200	698	0.11	0.05	0.07	52.10	26.25	7	1	4	97.50
140	1000	0.08	0.02	0.075	87.50	23.60	2	3	4	97.49
150	714	0.14	0.03	0.085	50.02	30.37	1	1	7	97.46
125	1100	0.08	0.03	0.1	47.35	27.82	1	1	2	97.40
200	1667	0.08	0.03	0.085	49.99	30.37	1	1	7	97.38
150	219.30	0.076	0.05	0.07	180	30	7	3	4	97.37
80	300	0.04	0.02	0.05	333.33	35.50	7	4	3	97.36
200	952	0.14	0.03	0.085	50.02	30.37	1	1	7	97.35
150	183.15	0.091	0.05	0.07	180	30	7	3	4	97.32
200	577	0.11	0.05	0.07	63.02	26.25	7	1	4	97.23
200	2000	0.06	0.03	0.07	55.56	14.63	1	3	4	97.22
100	400	0.03	0.03	0.09	277.78	38.00	1	1	4	97.20
100	120	0.111	0.05	0.2	150.15	40.80	1	1	6	97.14
140	800	0.06	0.03	0.075	97.22	23.60	2	3	4	97.06
150	125	0.09	0.05	0.035	266.67	30.00	1	2	7	97.00
150	175	0.09	0.05	0.035	190.48	30.00	1	2	7	97.00
200	2000	0.06	0.03	0.07	55.56	14.63	1	3	4	97.00
150	219.30	0.076	0.05	0.07	180	30	7	3	4	96.92
160	1000	0.06	0.03	0.075	88.89	23.60	2	3	4	96.91
100	239	0.111	0.05	0.2	75.39	40.80	1	1	6	96.80
125	200	0.12	0.03	0.07	173.61	35.50	1	2	1	96.79
120	500	0.08	0.03	0.07	100.00	17.00	7	1	7	96.72
100	111	0.12	0.05	0.2	150.15	40.80	1	1	6	96.70
150	700	0.07	0.03	0.07	102.04	17.00	7	1	7	96.68
150	700	0.06	0.03	0.07	119.05	17.00	7	1	7	96.64
150	600	0.07	0.03	0.07	119.05	17.00	7	1	7	96.64
200	500	0.08	0.03	0.1	166.67	27.82	1	1	2	96.64
150	550	0.08	0.03	0.07	113.64	17.00	7	1	7	96.61
200	1800	0.12	0.03	0.07	30.86	35.50	1	2	1	96.60
150	1250	0.08	0.03	0.085	50.00	30.37	1	1	7	96.57
275	2600	0.12	0.03	0.07	29.38	35.50	1	2	1	96.55
75	1050	0.050	0.03	0.05	47.62	26	1	1	5	96.49
90	1400	0.050	0.03	0.05	42.86	26	1	1	5	96.49
120	800	0.050	0.04	0.05	75	26	1	1	5	96.49
120	1100	0.050	0.03	0.05	72.73	26	1	1	5	96.49
120	1400	0.050	0.03	0.05	57.14	26	1	1	5	96.49
120	1400	0.050	0.03	0.05	57.14	26	1	1	5	96.49
140	800	0.08	0.03	0.075	72.92	23.60	2	3	4	96.37
120	300	0.08	0.03	0.07	166.67	17.00	7	1	7	96.35
125	100	0.12	0.03	0.07	347.22	35.50	1	2	1	96.35
175	800	0.11	0.05	0.07	39.77	26.25	7	1	4	96.35
140	900	0.08	0.02	0.05	97.22	31.13	7	3	7	96.28
100	167	0.12	0.05	0.2	99.80	40.80	1	1	6	96.20
160	1000	0.08	0.03	0.075	66.67	23.60	2	3	4	96.20
150	600	0.08	0.03	0.07	104.17	17.00	7	1	7	96.13
120	1000	0.07	0.02	0.075	85.71	23.60	2	3	4	96.12
100	167	0.12	0.05	0.2	99.80	40.80	1	1	6	96.10
140	1200	0.07	0.02	0.075	83.33	23.60	2	3	4	96.10
220	960	0.08	0.04	0.1	71.61	46.00	1	1	7	95.90
150	700	0.08	0.04	0.07	66.96	30.00	7	1	4	95.90
220	960	0.08	0.04	0.1	71.61	46.00	1	1	7	95.80
220	960	0.08	0.04	0.1	71.61	46.00	1	1	7	95.80
220	960	0.08	0.04	0.1	71.61	46.00	1	1	7	95.80
100	120	0.111	0.05	0.2	150.15	40.80	1	1	6	95.70
150	600	0.09	0.03	0.07	92.59	17.00	7	1	7	95.56
150	700	0.08	0.03	0.07	89.29	17.00	7	1	7	95.54
220	960	0.08	0.04	0.1	71.61	46.00	1	1	7	95.50
100	250	0.114	0.05	0.2	70.18	40.80	1	1	6	95.40
220	960	0.08	0.04	0.1	71.61	46.00	1	1	7	95.30
100	400	0.08	0.03	0.07	104.17	17.00	7	1	7	95.24
120	1100	0.050	0.04	0.05	54.55	26	1	1	5	95.24
120	2000	0.050	0.03	0.05	40	26	1	1	5	95.24
150	700	0.08	0.03	0.07	89.29	17.00	7	1	7	95.23
220	960	0.08	0.04	0.1	71.61	46.00	1	1	7	95.20
150	350	0.08	0.03	0.07	178.57	17.00	7	1	7	95.12
350	2600	0.12	0.03	0.07	37.39	35.50	1	2	1	95.09
150	400	0.07	0.03	0.07	178.57	17.00	7	1	7	95.05
160	800	0.08	0.02	0.05	125.00	31.13	7	3	7	95.04
150	157.23	0.106	0.05	0.07	180	30	7	3	4	95.00
120	800	0.07	0.03	0.075	71.43	23.60	2	3	4	94.94
140	1000	0.07	0.03	0.075	66.67	23.60	2	3	4	94.93
350	3400	0.12	0.03	0.07	28.59	35.50	1	2	1	94.90
140	800	0.07	0.04	0.075	62.50	23.60	2	3	4	94.72
140	1000	0.07	0.03	0.075	66.67	23.60	2	3	4	94.68
200	238.95	0.093	0.05	0.07	180	30	7	3	4	94.65
140	1000	0.07	0.03	0.075	66.67	23.60	2	3	4	94.53
150	700	0.09	0.03	0.07	79.37	17.00	7	1	7	94.53
350	3000	0.12	0.03	0.07	32.41	35.50	1	2	1	94.40
160	1200	0.07	0.03	0.075	63.49	23.60	2	3	4	94.34
100	120	0.111	0.05	0.2	150.15	40.80	1	1	6	94.30
160	1000	0.07	0.04	0.075	57.14	23.60	2	3	4	94.29
150	600	0.1	0.03	0.07	83.33	17.00	7	1	7	94.26
200	2200	0.12	0.03	0.07	25.25	35.50	1	2	1	94.23
70	1200	0.06	0.02	0.055	48.61	30.00	2	2	3	94.07
120	1400	0.050	0.04	0.05	42.86	26	1	1	5	93.98
120	1700	0.050	0.03	0.05	47.06	26	1	1	5	93.98
100	175	0.114	0.05	0.2	100.25	40.80	1	1	6	93.90
100	250	0.114	0.05	0.2	70.18	40.80	1	1	6	93.80
100	239	0.12	0.05	0.2	69.74	40.80	1	1	6	93.80
200	1100	0.08	0.06	0.1	37.88	27.82	1	1	2	93.80
70	1200	0.06	0.02	0.055	48.61	30.00	2	2	3	93.73
120	1000	0.06	0.03	0.075	66.67	23.60	2	3	4	93.57
275	3000	0.12	0.03	0.07	25.46	35.50	1	2	1	93.52
140	800	0.08	0.02	0.05	109.38	31.13	7	3	7	93.39
140	1200	0.06	0.03	0.075	64.81	23.60	2	3	4	93.33
150	200	0.09	0.05	0.035	166.67	30.00	1	2	7	93.30
150	400	0.06	0.03	0.07	208.33	17.00	7	1	7	93.16
150	800	0.08	0.03	0.07	78.13	17.00	7	1	7	93.13
140	1000	0.06	0.04	0.075	58.33	23.60	2	3	4	92.86
107	1400	0.050	0.03	0.05	50.95	26	1	1	5	92.73
120	1700	0.050	0.04	0.05	35.29	26	1	1	5	92.73
100	1100	0.08	0.03	0.1	37.88	27.82	1	1	2	92.70
100	239	0.12	0.05	0.2	69.74	40.80	1	1	6	92.40
150	800	0.09	0.02	0.05	104.17	31.13	7	3	7	92.08
140	1000	0.08	0.04	0.075	43.75	23.60	2	3	4	91.85
150	800	0.08	0.04	0.07	58.59	30.00	7	1	4	91.70
140	1200	0.08	0.03	0.075	48.61	23.60	2	3	4	91.52
100	400	0.15	0.03	0.09	55.56	38.00	1	1	4	91.20
120	1000	0.08	0.03	0.075	50.00	23.60	2	3	4	91.12
175	700	0.04	0.03	0.1	208.33	27.82	1	1	2	91.03
150	800	0.11	0.05	0.07	34.09	26.25	7	1	4	90.78
120	1200	0.07	0.03	0.075	47.62	23.60	2	3	4	90.70
150	500	0.04	0.03	0.1	250.00	27.82	1	1	2	90.48
150	700	0.08	0.03	0.05	89.29	31.13	7	3	7	90.41
150	700	0.08	0.03	0.05	89.29	31.13	7	3	7	90.36
200	2600	0.12	0.03	0.07	21.37	35.50	1	2	1	90.22
150	700	0.08	0.03	0.05	89.29	31.13	7	3	7	90.18
140	800	0.08	0.02	0.05	109.38	31.13	7	3	7	90.17
120	1000	0.07	0.04	0.075	42.86	23.60	2	3	4	89.61
160	700	0.08	0.02	0.05	142.86	31.13	7	3	7	89.59
150	700	0.1	0.03	0.07	71.43	17.00	7	1	7	89.50
150	800	0.07	0.02	0.05	133.93	31.13	7	3	7	89.49
100	250	0.08	0.03	0.07	166.67	17.00	7	1	7	89.31
140	1200	0.07	0.04	0.075	41.67	23.60	2	3	4	89.25
150	800	0.08	0.03	0.05	78.13	31.13	7	3	7	89.24
160	900	0.08	0.02	0.05	111.11	31.13	7	3	7	89.19
150	800	0.07	0.04	0.05	66.96	31.13	7	3	7	89.11
160	800	0.07	0.03	0.05	95.24	31.13	7	3	7	89.06
90	1400	0.050	0.04	0.05	32.14	26	1	1	5	88.97
120	700	0.08	0.03	0.07	71.43	17.00	7	1	7	88.74
140	800	0.07	0.03	0.05	83.33	31.13	7	3	7	88.49
150	800	0.07	0.02	0.05	133.93	31.13	7	3	7	88.29
140	700	0.08	0.02	0.05	125.00	31.13	7	3	7	87.92
150	1000	0.08	0.03	0.07	62.50	17.00	7	1	7	87.78
30	300	0.050	0.03	0.05	66.67	26	1	1	5	87.72
150	900	0.08	0.03	0.05	69.44	31.13	7	3	7	87.71
160	800	0.08	0.04	0.05	62.50	31.13	7	3	7	87.64
160	800	0.07	0.03	0.05	95.24	31.13	7	3	7	87.11
150	800	0.09	0.02	0.05	104.17	31.13	7	3	7	86.52
150	900	0.08	0.03	0.05	69.44	31.13	7	3	7	86.38
150	800	0.08	0.03	0.05	78.13	31.13	7	3	7	86.38
140	700	0.08	0.04	0.05	62.50	31.13	7	3	7	86.31
120	900	0.08	0.03	0.07	55.56	17.00	7	1	7	86.27
160	700	0.08	0.04	0.05	71.43	31.13	7	3	7	86.25
150	700	0.07	0.03	0.05	102.04	31.13	7	3	7	86.09
150	700	0.07	0.03	0.05	102.04	31.13	7	3	7	85.95
100	550	0.08	0.03	0.07	75.76	17.00	7	1	7	85.93
100	700	0.08	0.03	0.07	59.52	17.00	7	1	7	85.93
150	900	0.07	0.03	0.05	79.37	31.13	7	3	7	85.89
140	800	0.09	0.03	0.05	64.81	31.13	7	3	7	85.47
107	1400	0.050	0.04	0.05	38.21	26	1	1	5	85.21
150	800	0.08	0.03	0.05	78.13	31.13	7	3	7	85.10
