Power	Speed 	Hatch 	Thickness	Spot	Energy	PSD	Atmosphere	Geometry	 Strategy	RD
300	1200	0.15	0.03	0.1	55.56	25.6	1	2	1	99.96
340	1400	0.08	0.03	0.075	101.19	34	1	1	2	99.94
370	1454	0.16	0.03	0.07	53.01	31.43	1	1	1	99.92
370	1344	0.18	0.03	0.07	50.98	31.43	1	1	1	99.91
370	1511	0.16	0.03	0.07	51.01	31.43	1	1	1	99.91
370	1293	0.18	0.03	0.07	52.99	31.43	1	1	1	99.89
250	1600	0.1	0.03	0.08	52.08	41.5	1	1	1	99.85
370	1402	0.16	0.03	0.07	54.98	31.43	1	1	1	99.85
370	1246	0.18	0.03	0.07	54.99	31.43	1	1	1	99.84
370	1573	0.16	0.03	0.07	49.00	31.43	1	1	1	99.84
180	1000	0.05	0.03	0.07	120.00	25.68	1	1	1	99.82
370	1202	0.18	0.03	0.07	57.00	31.43	1	1	1	99.82
370	1398	0.18	0.03	0.07	49.01	31.43	1	1	1	99.82
370	1352	0.16	0.03	0.07	57.01	31.43	1	1	1	99.81
600	2000	0.15	0.05	0.085	40.00	41.5	6	1	6	99.8
800	1500	0.15	0.05	0.085	71.11	41.5	6	1	6	99.8
300	1400	0.08	0.03	0.075	89.29	34	1	1	2	99.78
788	1099	0.3	0.06	0.1	39.83	40	6	1	6	99.77
370	1161	0.18	0.03	0.07	59.02	31.43	1	1	1	99.74
370	1306	0.16	0.03	0.07	59.02	31.43	1	1	1	99.73
400	1000	0.15	0.05	0.085	53.33	41.5	6	1	6	99.7
500	1500	0.15	0.05	0.085	44.44	41.5	6	1	6	99.7
500	2000	0.15	0.05	0.085	33.33	41.5	6	1	6	99.7
800	2000	0.15	0.05	0.085	53.33	41.5	6	1	6	99.7
260	1400	0.08	0.03	0.075	77.38	34	1	1	2	99.64
600	1500	0.15	0.05	0.085	53.33	41.5	6	1	6	99.6
700	2000	0.15	0.05	0.085	46.67	41.5	6	1	6	99.6
340	1400	0.08	0.03	0.075	101.19	34	1	1	2	99.60
250	2100	0.07	0.03	0.08	56.69	41.5	1	1	1	99.59
140	800	0.05	0.03	0.07	116.67	25.68	1	1	1	99.58
463	500	0.35	0.06	0.1	44.10	40	6	1	6	99.57
300	2100	0.1	0.03	0.08	47.62	41.5	1	1	1	99.55
370	1700	0.11	0.03	0.115	65.95	41.5	1	2	5	99.55
350	1600	0.12	0.03	0.115	60.76	41.5	1	2	5	99.55
330	1500	0.12	0.03	0.115	61.11	41.5	1	2	5	99.53
330	1700	0.11	0.03	0.115	58.82	41.5	1	2	5	99.53
350	1500	0.11	0.03	0.115	70.71	41.5	1	2	5	99.53
350	1600	0.13	0.03	0.115	56.09	41.5	1	2	5	99.52
788	1099	0.3	0.06	0.1	39.83	40	6	1	6	99.51
350	1700	0.12	0.03	0.115	57.19	41.5	1	2	5	99.51
330	1500	0.13	0.03	0.115	56.41	41.5	1	2	5	99.50
800	1000	0.15	0.05	0.085	106.67	41.5	6	1	6	99.5
250	1100	0.13	0.06	0.07	29.14	41	2	1	1	99.5
250	1200	0.13	0.06	0.07	26.71	41	2	1	1	99.5
330	1600	0.12	0.03	0.115	57.29	41.5	1	2	5	99.50
370	1500	0.11	0.03	0.115	74.75	41.5	1	2	5	99.50
350	1500	0.13	0.03	0.115	59.83	41.5	1	2	5	99.49
330	1600	0.13	0.03	0.115	52.88	41.5	1	2	5	99.47
330	1700	0.13	0.03	0.115	49.77	41.5	1	2	5	99.45
330	1700	0.12	0.03	0.115	53.92	41.5	1	2	5	99.45
300	1600	0.1	0.03	0.08	62.50	41.5	1	1	1	99.44
350	1600	0.11	0.03	0.115	66.29	41.5	1	2	5	99.44
350	1700	0.11	0.03	0.115	62.39	41.5	1	2	5	99.44
300	1400	0.08	0.03	0.075	89.29	34	1	1	2	99.43
330	1500	0.11	0.03	0.115	66.67	41.5	1	2	5	99.41
350	2100	0.1	0.03	0.08	55.56	41.5	1	1	1	99.40
370	1500	0.12	0.03	0.115	68.52	41.5	1	2	5	99.40
700	1500	0.15	0.05	0.085	62.22	41.5	6	1	6	99.4
250	1400	0.13	0.03	0.07	45.79	41	2	1	1	99.4
370	1600	0.12	0.03	0.115	64.24	41.5	1	2	5	99.40
170	1000	0.05	0.03	0.07	113.33	25.68	1	1	1	99.39
350	1500	0.12	0.03	0.115	64.81	41.5	1	2	5	99.39
350	1700	0.13	0.03	0.115	52.79	41.5	1	2	5	99.39
330	1600	0.11	0.03	0.115	62.50	41.5	1	2	5	99.39
370	1700	0.13	0.03	0.115	55.81	41.5	1	2	5	99.38
250	1600	0.13	0.03	0.08	40.06	41.5	1	1	1	99.37
350	2100	0.13	0.03	0.08	42.74	41.5	1	1	1	99.37
200	1400	0.105	0.03	0.15	45.35	30	1	1	6	99.35
250	1100	0.13	0.03	0.08	58.28	41.5	1	1	1	99.33
370	1500	0.13	0.03	0.115	63.25	41.5	1	2	5	99.32
370	1600	0.11	0.03	0.115	70.08	41.5	1	2	5	99.32
200	1500	0.105	0.03	0.15	42.33	30	1	1	6	99.30
170	1000	0.105	0.03	0.15	53.97	30	1	1	6	99.30
200	571.43	0.08	0.025	0.08	175.00	45	6	2	5	99.30
400	1500	0.15	0.05	0.085	35.56	41.5	6	1	6	99.3
500	1000	0.15	0.05	0.085	66.67	41.5	6	1	6	99.3
700	1000	0.15	0.05	0.085	93.33	41.5	6	1	6	99.3
250	1000	0.13	0.06	0.07	32.05	41	2	1	1	99.3
370	1600	0.13	0.03	0.115	59.29	41.5	1	2	5	99.29
300	1600	0.13	0.03	0.08	48.08	41.5	1	1	1	99.29
350	1600	0.13	0.03	0.08	56.09	41.5	1	1	1	99.29
370	1700	0.12	0.03	0.115	60.46	41.5	1	2	5	99.26
150	900	0.05	0.03	0.07	111.11	25.68	1	1	1	99.23
250	1600	0.07	0.03	0.08	74.40	41.5	1	1	1	99.22
180	1100	0.105	0.03	0.15	51.95	30	1	1	6	99.20
300	1000	0.15	0.05	0.085	40.00	41.5	6	1	6	99.2
600	1000	0.15	0.05	0.085	80.00	41.5	6	1	6	99.2
250	900	0.13	0.06	0.07	35.61	41	2	1	1	99.2
200	1350	0.075	0.03	0.15	65.84	35	1	1	3	99.2
175	1025	0.0975	0.03	0.15	58.37	35	1	1	3	99.2
300	2100	0.07	0.03	0.08	68.03	41.5	1	1	1	99.18
625	800	0.4	0.06	0.1	32.55	40	6	1	6	99.16
200	1300	0.105	0.03	0.15	48.84	30	1	1	6	99.15
190	1200	0.105	0.03	0.15	50.26	30	1	1	6	99.15
950	1400	0.35	0.06	0.1	32.31	40	6	1	6	99.15
350	2100	0.07	0.03	0.08	79.37	41.5	1	1	1	99.14
200	1200	0.105	0.03	0.15	52.91	30	1	1	6	99.11
190	1400	0.105	0.03	0.15	43.08	30	1	1	6	99.10
200	1600	0.105	0.03	0.15	39.68	30	1	1	6	99.10
250	1600	0.13	0.03	0.07	40.06	41	2	1	1	99.1
170	800	0.105	0.03	0.15	67.46	30	1	1	6	99.08
170	1200	0.105	0.03	0.15	44.97	30	1	1	6	99.08
250	2100	0.1	0.03	0.08	39.68	41.5	1	1	1	99.07
180	900	0.105	0.03	0.15	63.49	30	1	1	6	99.02
300	1100	0.1	0.03	0.08	90.91	41.5	1	1	1	98.99
625	800	0.4	0.06	0.1	32.55	40	6	1	6	98.93
260	1400	0.08	0.03	0.075	77.38	34	1	1	2	98.92
200	1000	0.105	0.03	0.15	63.49	30	1	1	6	98.90
200	1100	0.105	0.03	0.15	57.72	30	1	1	6	98.90
170	900	0.05	0.03	0.07	125.93	25.68	1	1	1	98.88
350	1600	0.1	0.03	0.08	72.92	41.5	1	1	1	98.88
150	800	0.05	0.03	0.07	125.00	25.68	1	1	1	98.87
180	1400	0.105	0.03	0.15	40.82	30	1	1	6	98.85
190	1600	0.105	0.03	0.15	37.70	30	1	1	6	98.85
300	1600	0.07	0.03	0.08	89.29	41.5	1	1	1	98.84
160	1000	0.05	0.03	0.07	106.67	25.68	1	1	1	98.83
350	1600	0.07	0.03	0.08	104.17	41.5	1	1	1	98.81
190	1000	0.105	0.03	0.15	60.32	30	1	1	6	98.80
250	1000	0.13	0.03	0.07	64.10	41	2	1	1	98.8
200	900	0.105	0.03	0.15	70.55	30	1	1	6	98.75
350	1150	0.17	0.05	0.1	35.81	41.5	1	6	2	98.72
300	2100	0.13	0.03	0.08	36.63	41.5	1	1	1	98.69
350	1150	0.17	0.05	0.1	35.81	41.5	1	6	2	98.69
950	1400	0.35	0.06	0.1	32.31	40	6	1	6	98.68
250	2100	0.13	0.03	0.08	30.53	41.5	1	1	1	98.66
180	1500	0.105	0.03	0.15	38.10	30	1	1	6	98.65
350	1150	0.17	0.05	0.1	35.81	41.5	1	6	2	98.63
463	500	0.35	0.06	0.1	44.10	40	6	1	6	98.6
250	1200	0.15	0.03	0.07	46.30	41	2	1	1	98.6
250	1100	0.1	0.03	0.08	75.76	41.5	1	1	1	98.58
160	900	0.05	0.03	0.07	118.52	25.68	1	1	1	98.58
180	1100	0.05	0.03	0.07	109.09	25.68	1	1	1	98.56
170	1400	0.105	0.03	0.15	38.55	30	1	1	6	98.55
200	800	0.105	0.03	0.15	79.37	30	1	1	6	98.53
250	1400	0.13	0.06	0.07	22.89	41	2	1	1	98.5
190	800	0.105	0.03	0.15	75.40	30	1	1	6	98.40
250	1200	0.11	0.03	0.07	63.13	41	2	1	1	98.4
250	1200	0.11	0.03	0.07	63.13	41	2	1	1	98.4
300	1100	0.13	0.03	0.08	69.93	41.5	1	1	1	98.32
250	1200	0.13	0.03	0.07	53.42	41	2	1	1	98.3
250	1800	0.13	0.03	0.07	35.61	41	2	1	1	98.3
250	800	0.13	0.09	0.07	26.71	41	2	1	1	98.3
175	1025	0.0975	0.03	0.15	58.37	35	1	1	3	98.3
160	800	0.05	0.03	0.07	133.33	25.68	1	1	1	98.27
140	700	0.05	0.03	0.07	133.33	25.68	1	1	1	98.26
180	900	0.05	0.03	0.07	133.33	25.68	1	1	1	98.26
250	1200	0.13	0.03	0.07	53.42	41	2	1	1	98.2
320	900	0.0818	0.03	0.08	144.89	38.5	1	1	4	98.17
360	750	0.0914	0.03	0.08	175.05	38.5	1	1	4	98.17
320	900	0.0709	0.03	0.08	167.16	38.5	1	1	4	98.14
250	1100	0.07	0.03	0.08	108.23	41.5	1	1	1	98.13
250	1000	0.2	0.02	0.08	62.50	28	6	1	6	98.13
400	600	0.1009	0.03	0.08	220.24	38.5	1	1	4	98.12
250	1200	0.17	0.03	0.07	40.85	41	2	1	1	98.1
250	800	0.13	0.06	0.07	40.06	41	2	1	1	98.1
250	1000	0.13	0.09	0.07	21.37	41	2	1	1	98.1
300	1100	0.07	0.03	0.08	129.87	41.5	1	1	1	98.10
320	600	0.0887	0.03	0.08	200.43	38.5	1	1	4	98.02
170	1100	0.05	0.03	0.07	103.03	25.68	1	1	1	98.02
320	600	0.0955	0.03	0.08	186.15	38.5	1	1	4	98.01
250	2200	0.13	0.03	0.07	29.14	41	2	1	1	98
360	900	0.083	0.03	0.08	160.64	38.5	1	1	4	97.99
400	900	0.0941	0.03	0.08	157.44	38.5	1	1	4	97.95
360	900	0.0771	0.03	0.08	172.94	38.5	1	1	4	97.95
150	700	0.05	0.03	0.07	142.86	25.68	1	1	1	97.94
400	600	0.1086	0.03	0.08	204.62	38.5	1	1	4	97.91
250	1200	0.17	0.03	0.07	40.85	41	2	1	1	97.9
360	600	0.1036	0.03	0.08	193.05	38.5	1	1	4	97.90
320	900	0.0763	0.03	0.08	155.33	38.5	1	1	4	97.84
250	1200	0.13	0.03	0.07	53.42	41	2	1	1	97.8
250	1200	0.15	0.03	0.07	46.30	41	2	1	1	97.8
250	2000	0.13	0.03	0.07	32.05	41	2	1	1	97.8
320	750	0.0807	0.03	0.08	176.24	38.5	1	1	4	97.78
300	1200	0.15	0.02	0.08	83.33	28	6	1	6	97.75
170	1600	0.105	0.03	0.15	33.73	30	1	1	6	97.75
320	750	0.0931	0.03	0.08	152.76	38.5	1	1	4	97.74
300	1200	0.13	0.03	0.07	64.10	41	2	1	1	97.7
140	900	0.05	0.03	0.07	103.70	25.68	1	1	1	97.70
400	750	0.0977	0.03	0.08	181.96	38.5	1	1	4	97.63
300	1200	0.13	0.03	0.07	64.10	41	2	1	1	97.6
175	1025	0.0525	0.03	0.15	108.40	35	1	1	3	97.6
400	900	0.0815	0.03	0.08	181.78	38.5	1	1	4	97.58
150	1000	0.05	0.03	0.07	100.00	25.68	1	1	1	97.52
250	1200	0.09	0.03	0.07	77.16	41	2	1	1	97.5
180	1200	0.05	0.03	0.07	100.00	25.68	1	1	1	97.48
170	800	0.05	0.03	0.07	141.67	25.68	1	1	1	97.44
160	700	0.05	0.03	0.07	152.38	25.68	1	1	1	97.43
200	1200	0.13	0.03	0.07	42.74	41	2	1	1	97.4
320	600	0.1024	0.03	0.08	173.61	38.5	1	1	4	97.39
250	1200	0.1	0.04	0.08	52.08	28	6	1	6	97.38
360	900	0.0889	0.03	0.08	149.98	38.5	1	1	4	97.36
320	750	0.0869	0.03	0.08	163.66	38.5	1	1	4	97.36
360	750	0.0849	0.03	0.08	188.46	38.5	1	1	4	97.35
150	1000	0.05	0.05	0.115	60.00	47.5	6	4	6	97.33
360	750	0.098	0.03	0.08	163.27	38.5	1	1	4	97.32
160	1100	0.05	0.03	0.07	96.97	25.68	1	1	1	97.30
200	1200	0.13	0.03	0.07	42.74	41	2	1	1	97.3
250	1200	0.13	0.03	0.07	53.42	41	2	1	1	97.3
250	800	0.13	0.03	0.07	80.13	41	2	1	1	97.3
250	550	0.13	0.09	0.07	38.85	41	2	1	1	97.3
350	1100	0.13	0.03	0.08	81.59	41.5	1	1	1	97.28
360	600	0.0962	0.03	0.08	207.90	38.5	1	1	4	97.25
400	750	0.1047	0.03	0.08	169.80	38.5	1	1	4	97.21
250	1200	0.13	0.03	0.07	53.42	41	2	1	1	97.2
180	800	0.05	0.03	0.07	150.00	25.68	1	1	1	97.12
250	1200	0.09	0.03	0.07	77.16	41	2	1	1	97.1
170	1200	0.05	0.03	0.07	94.44	25.68	1	1	1	97.08
300	800	0.2	0.04	0.08	46.88	28	6	1	6	97.00
200	571.43	0.08	0.025	0.08	175.00	45	6	2	1	97.00
400	2000	0.15	0.05	0.085	26.67	41.5	6	1	6	97
140	1000	0.05	0.03	0.07	93.33	25.68	1	1	1	96.95
180	1300	0.05	0.03	0.07	92.31	25.68	1	1	1	96.95
400	750	0.0907	0.03	0.08	196.01	38.5	1	1	4	96.94
350	1200	0.13	0.03	0.07	74.79	41	2	1	1	96.9
250	1600	0.13	0.06	0.07	20.03	41	2	1	1	96.9
250	475	0.13	0.09	0.07	44.98	41	2	1	1	96.9
360	600	0.111	0.03	0.08	180.18	38.5	1	1	4	96.88
150	1000	0.05	0.05	0.115	60.00	47.5	6	4	6	96.81
350	1200	0.13	0.03	0.07	74.79	41	2	1	1	96.8
250	600	0.13	0.06	0.07	53.42	41	2	1	1	96.7
350	1100	0.07	0.03	0.08	151.52	41.5	1	1	1	96.68
180	1400	0.05	0.03	0.07	85.71	25.68	1	1	1	96.66
300	1000	0.1	0.06	0.08	50.00	28	6	1	6	96.63
140	600	0.05	0.03	0.07	155.56	25.68	1	1	1	96.55
400	900	0.0878	0.03	0.08	168.73	38.5	1	1	4	96.51
250	2400	0.13	0.03	0.07	26.71	41	2	1	1	96.5
175	1025	0.0525	0.03	0.15	108.40	35	1	1	3	96.5
170	1300	0.05	0.03	0.07	87.18	25.68	1	1	1	96.47
170	700	0.05	0.03	0.07	161.90	25.68	1	1	1	96.34
788	500	0.35	0.06	0.1	75.05	40	6	1	6	96.29
160	1200	0.05	0.03	0.07	88.89	25.68	1	1	1	96.25
300	1500	0.15	0.05	0.085	26.67	41.5	6	1	6	96.2
150	1000	0.05	0.05	0.115	60.00	47.5	6	4	6	96.18
180	700	0.05	0.03	0.07	171.43	25.68	1	1	1	96.10
350	1100	0.1	0.03	0.08	106.06	41.5	1	1	1	96.08
150	1100	0.05	0.03	0.07	90.91	25.68	1	1	1	96.05
150	600	0.05	0.03	0.07	166.67	25.68	1	1	1	95.99
250	800	0.15	0.06	0.08	34.72	28	6	1	6	95.88
250	700	0.13	0.06	0.07	45.79	41	2	1	1	95.8
463	1099	0.3	0.06	0.1	23.41	40	6	1	6	95.78
250	400	0.13	0.09	0.07	53.42	41	2	1	1	95.7
625	1400	0.35	0.06	0.1	21.26	40	6	1	6	95.67
160	600	0.05	0.03	0.07	177.78	25.68	1	1	1	95.65
150	1200	0.05	0.03	0.07	83.33	25.68	1	1	1	95.64
250	2600	0.13	0.03	0.07	24.65	41	2	1	1	95.6
140	1100	0.05	0.03	0.07	84.85	25.68	1	1	1	95.59
400	600	0.1164	0.03	0.08	190.91	38.5	1	1	4	95.58
250	325	0.13	0.09	0.07	65.75	41	2	1	1	95.4
170	600	0.05	0.03	0.07	188.89	25.68	1	1	1	95.38
180	1500	0.05	0.03	0.07	80.00	25.68	1	1	1	95.22
170	1400	0.05	0.03	0.07	80.95	25.68	1	1	1	95.21
250	500	0.13	0.06	0.07	64.10	41	2	1	1	95.2
200	1000	0.15	0.04	0.08	33.33	28	6	1	6	95.13
180	600	0.05	0.03	0.07	200.00	25.68	1	1	1	95.11
140	500	0.05	0.03	0.07	186.67	25.68	1	1	1	95.10
160	1300	0.05	0.03	0.07	82.05	25.68	1	1	1	95.05
625	2000	0.3	0.06	0.1	17.36	40	6	1	6	94.83
150	500	0.05	0.03	0.07	200.00	25.68	1	1	1	94.81
463	1099	0.3	0.06	0.1	23.41	40	6	1	6	94.72
300	800	0.3	0.06	0.1	20.83	40	6	1	6	94.68
788	1700	0.4	0.06	0.1	19.31	40	6	1	6	94.67
250	250	0.13	0.09	0.07	85.47	41	2	1	1	94.6
140	400	0.05	0.03	0.07	233.33	25.68	1	1	1	94.52
150	1200	0.13	0.03	0.07	32.05	41	2	1	1	94.5
250	400	0.13	0.06	0.07	80.13	41	2	1	1	94.5
250	1800	0.13	0.06	0.07	17.81	41	2	1	1	94.5
175	1675	0.0975	0.03	0.15	35.72	35	1	1	3	94.5
150	1350	0.075	0.03	0.15	49.38	35	1	1	3	94.5
180	1600	0.05	0.03	0.07	75.00	25.68	1	1	1	94.42
140	1200	0.05	0.03	0.07	77.78	25.68	1	1	1	94.41
150	1200	0.13	0.03	0.07	32.05	41	2	1	1	94.4
200	800	0.1	0.02	0.08	125.00	28	6	1	6	94.38
788	2300	0.35	0.06	0.1	16.31	40	6	1	6	94.33
160	1400	0.05	0.03	0.07	76.19	25.68	1	1	1	94.33
160	500	0.05	0.03	0.07	213.33	25.68	1	1	1	94.31
463	1700	0.4	0.06	0.1	11.35	40	6	1	6	94.25
170	1500	0.05	0.03	0.07	75.56	25.68	1	1	1	94.25
150	1300	0.05	0.03	0.07	76.92	25.68	1	1	1	94.22
300	1400	0.35	0.06	0.1	10.20	40	6	1	6	93.94
170	500	0.05	0.03	0.07	226.67	25.68	1	1	1	93.87
788	500	0.35	0.06	0.1	75.05	40	6	1	6	93.86
250	300	0.13	0.03	0.07	213.68	41	2	1	1	93.7
250	2800	0.13	0.03	0.07	22.89	41	2	1	1	93.7
175	1675	0.0525	0.03	0.15	66.33	35	1	1	3	93.6
140	1300	0.05	0.03	0.07	71.79	25.68	1	1	1	93.56
250	1400	0.13	0.09	0.07	15.26	41	2	1	1	93.5
160	1500	0.05	0.03	0.07	71.11	25.68	1	1	1	93.45
150	400	0.05	0.03	0.07	250.00	25.68	1	1	1	93.43
170	1600	0.05	0.03	0.07	70.83	25.68	1	1	1	93.40
250	400	0.13	0.03	0.07	160.26	41	2	1	1	93.3
250	600	0.13	0.03	0.07	106.84	41	2	1	1	93.3
463	2300	0.35	0.06	0.1	9.59	40	6	1	6	93.2
175	1675	0.0525	0.03	0.15	66.33	35	1	1	3	93.2
150	1400	0.05	0.03	0.07	71.43	25.68	1	1	1	93.16
180	500	0.05	0.03	0.07	240.00	25.68	1	1	1	93.13
250	200	0.13	0.03	0.07	320.51	41	2	1	1	93
250	100	0.13	0.03	0.07	641.03	41	2	1	1	92.9
250	1600	0.13	0.09	0.07	13.35	41	2	1	1	92.8
180	1700	0.05	0.03	0.07	70.59	25.68	1	1	1	92.73
150	1350	0.075	0.03	0.15	49.38	35	1	1	3	92.7
160	400	0.05	0.03	0.07	266.67	25.68	1	1	1	92.68
200	1200	0.2	0.06	0.08	13.89	28	6	1	6	92.51
150	1350	0.075	0.03	0.15	49.38	35	1	1	3	92.5
250	3000	0.13	0.03	0.07	21.37	41	2	1	1	92.4
170	400	0.05	0.03	0.07	283.33	25.68	1	1	1	92.22
140	300	0.05	0.03	0.07	311.11	25.68	1	1	1	91.84
160	1600	0.05	0.03	0.07	66.67	25.68	1	1	1	91.66
180	400	0.05	0.03	0.07	300.00	25.68	1	1	1	91.63
140	1400	0.05	0.03	0.07	66.67	25.68	1	1	1	91.53
170	1700	0.05	0.03	0.07	66.67	25.68	1	1	1	91.47
150	1500	0.05	0.03	0.07	66.67	25.68	1	1	1	91.07
250	3200	0.13	0.03	0.07	20.03	41	2	1	1	91
625	1400	0.35	0.06	0.1	21.26	40	6	1	6	90.9
125	1025	0.0975	0.03	0.15	41.69	35	1	1	3	90.7
125	1025	0.0975	0.03	0.15	41.69	35	1	1	3	90.6
160	1700	0.05	0.03	0.07	62.75	25.68	1	1	1	90.58
150	300	0.05	0.03	0.07	333.33	25.68	1	1	1	90.48
140	1500	0.05	0.03	0.07	62.22	25.68	1	1	1	90.43
150	1600	0.05	0.03	0.07	62.50	25.68	1	1	1	90.29
160	300	0.05	0.03	0.07	355.56	25.68	1	1	1	90.11
150	1350	0.075	0.03	0.15	49.38	35	1	1	3	90.1
150	1700	0.05	0.03	0.07	58.82	25.68	1	1	1	89.97
150	1350	0.075	0.03	0.15	49.38	35	1	1	3	89.9
250	3600	0.13	0.03	0.07	17.81	41	2	1	1	89.8
150	700	0.075	0.03	0.15	95.24	35	1	1	3	89.6
140	1600	0.05	0.03	0.07	58.33	25.68	1	1	1	89.50
150	1350	0.03	0.03	0.15	123.46	35	1	1	3	89.5
150	1350	0.12	0.03	0.15	30.86	35	1	1	3	89.2
140	1700	0.05	0.03	0.07	54.90	25.68	1	1	1	88.24
250	3400	0.13	0.03	0.07	18.85	41	2	1	1	88.2
125	1025	0.0525	0.03	0.15	77.43	35	1	1	3	88.2
250	4200	0.13	0.03	0.07	15.26	41	2	1	1	87.8
300	800	0.3	0.06	0.1	20.83	40	6	1	6	87.24
175	1675	0.0975	0.03	0.15	35.72	35	1	1	3	86.9
170	300	0.05	0.03	0.07	377.78	25.68	1	1	1	86.34
250	1800	0.13	0.09	0.07	11.87	41	2	1	1	86.1
125	1025	0.0525	0.03	0.15	77.43	35	1	1	3	85.9
625	2000	0.3	0.06	0.1	17.36	40	6	1	6	85.58
180	300	0.05	0.03	0.07	400.00	25.68	1	1	1	85.48
300	2000	0.15	0.05	0.085	20.00	41.5	6	1	6	85.4
788	1700	0.4	0.06	0.1	19.31	40	6	1	6	85.02
